9.153617,0.1686349,0.8192639,0.2337004,0.1674083,0.7843047,0.2694264,INPUT
9.186092,0.167396,0.8193939,0.2337428,0.1661969,0.7844644,0.2694988,INPUT
9.210314,0.1665244,0.8190523,0.2339635,0.165999,0.7839683,0.2695842,INPUT
9.241252,0.1663285,0.8190686,0.2341223,0.1660812,0.7839498,0.2697118,INPUT
9.267685,0.1661387,0.8192573,0.2340392,0.1659634,0.7841812,0.2696712,INPUT
9.298932,0.1658319,0.8199926,0.2332988,0.1652837,0.7851248,0.2691308,INPUT
9.323187,0.1657484,0.821127,0.2322805,0.1650397,0.7865015,0.268344,INPUT
9.348971,0.1664195,0.8224416,0.231278,0.1657501,0.7880404,0.2675563,INPUT
9.373101,0.1669512,0.8240331,0.23035,0.1661508,0.7898763,0.2668557,INPUT
9.398461,0.167078,0.8260292,0.2300744,0.1657661,0.7920582,0.2667385,INPUT
9.431813,0.1662297,0.8281456,0.2313043,0.1643643,0.7941813,0.2679506,INPUT
9.459618,0.1656131,0.8319927,0.2342928,0.1628668,0.7979187,0.2707815,INPUT
9.482346,0.1662944,0.8363887,0.2362712,0.1629651,0.8024752,0.2728606,INPUT
9.505879,0.1661901,0.8423494,0.2378875,0.1623808,0.8088671,0.2748256,INPUT
9.528623,0.1651866,0.8512382,0.2384269,0.1610541,0.8186371,0.276111,INPUT
9.553983,0.1617717,0.8610901,0.2386112,0.1577842,0.8295045,0.2771658,INPUT
9.586068,0.1560077,0.8725399,0.2400469,0.1529206,0.8418509,0.2793999,INPUT
9.60677,0.1471218,0.8873426,0.2432786,0.1445292,0.8575809,0.2833724,INPUT
9.629977,0.1413352,0.8973392,0.2462551,0.1382094,0.8680892,0.2866861,INPUT
9.652172,0.1349494,0.9081544,0.2502334,0.1309305,0.8793105,0.2908767,INPUT
9.677945,0.127562,0.9192214,0.2537522,0.1231718,0.8908718,0.2947037,INPUT
9.699729,0.1184548,0.9314989,0.2565123,0.1141514,0.9038269,0.2979338,INPUT
9.722252,0.1067626,0.9445233,0.2592213,0.1027323,0.9177083,0.3012298,INPUT
9.742959,0.09554215,0.9568664,0.261497,0.09126403,0.9309534,0.3040436,INPUT
9.765032,0.08394948,0.9682893,0.264313,0.07904874,0.9430504,0.3071964,INPUT
9.788988,0.07216127,0.9797444,0.2678262,0.06696062,0.9550421,0.3109858,INPUT
9.813509,0.05949797,0.9922825,0.272197,0.05411003,0.9681306,0.3156442,INPUT
9.836669,0.04681166,1.004489,0.2775322,0.04100358,0.9806889,0.3211192,INPUT
9.862662,0.03536792,1.015805,0.2834346,0.02871132,0.9920741,0.3269379,INPUT
9.890909,0.0236709,1.02815,0.2900228,0.01601295,1.004496,0.3334033,INPUT
9.91947,0.01197825,1.041073,0.2965187,0.004184286,1.017747,0.3400521,INPUT
9.94054,-0.004547775,1.05644,0.304301,-0.01179153,1.033553,0.3481612,INPUT
9.963139,-0.01607032,1.066118,0.3093273,-0.02329291,1.043417,0.3532878,INPUT
9.986471,-0.0265723,1.076323,0.314292,-0.03374651,1.053956,0.358431,INPUT
10.0079,-0.03468758,1.086645,0.3191935,-0.04146675,1.064753,0.3636319,INPUT
10.03018,-0.04143934,1.096783,0.3238341,-0.0475508,1.075446,0.3686381,INPUT
10.05272,-0.04725577,1.106293,0.3287541,-0.05308259,1.085211,0.3737166,INPUT
10.07617,-0.05287085,1.115267,0.3338163,-0.0588852,1.094223,0.378772,INPUT
10.10294,-0.05862905,1.124237,0.3390671,-0.0648902,1.103179,0.383982,INPUT
10.12746,-0.06459565,1.132298,0.3441282,-0.07076544,1.111369,0.3891158,INPUT
10.15033,-0.07254694,1.139982,0.3490221,-0.07809837,1.119434,0.3942654,INPUT
10.1757,-0.08061264,1.145754,0.3539943,-0.0857199,1.125221,0.3992969,INPUT
10.21383,-0.08806358,1.15117,0.3605834,-0.09303411,1.130212,0.4057058,INPUT
10.24506,-0.09333454,1.158757,0.3711872,-0.0984584,1.136999,0.4159125,INPUT
10.27869,-0.09666865,1.165296,0.3798805,-0.101701,1.143281,0.4244904,INPUT
10.31309,-0.1026271,1.170388,0.389181,-0.10702,1.147884,0.4336139,INPUT
10.34546,-0.1088352,1.173929,0.3979284,-0.1129396,1.15053,0.441924,INPUT
10.37199,-0.1134601,1.178218,0.4092022,-0.1177693,1.153568,0.4524895,INPUT
10.39542,-0.1159398,1.181374,0.416022,-0.1204554,1.156,0.4588681,INPUT
10.4218,-0.1184439,1.184766,0.420978,-0.1229538,1.159081,0.4636386,INPUT
10.45597,-0.1212867,1.18794,0.4245707,-0.1256938,1.162131,0.4671671,INPUT
10.4813,-0.1258343,1.193225,0.4291607,-0.1300854,1.167424,0.4717784,INPUT
10.51359,-0.127527,1.196239,0.4322611,-0.131658,1.170413,0.4748751,INPUT
10.54398,-0.1292068,1.198586,0.4363281,-0.1331744,1.172553,0.4788316,INPUT
10.56908,-0.1323892,1.200376,0.4406308,-0.1361948,1.174175,0.4830454,INPUT
10.59238,-0.1351412,1.201359,0.4432631,-0.138677,1.175132,0.4856855,INPUT
10.61699,-0.1370713,1.202293,0.4462935,-0.1402621,1.17596,0.4886777,INPUT
10.64471,-0.137647,1.203458,0.4494,-0.1406988,1.177054,0.4917494,INPUT
10.68171,-0.1386506,1.204679,0.4525161,-0.1415739,1.178306,0.4948946,INPUT
10.71599,-0.1440202,1.205176,0.4547566,-0.1469606,1.178896,0.4971917,INPUT
10.74376,-0.1491128,1.205641,0.4559667,-0.1519738,1.179682,0.4986041,INPUT
10.76737,-0.1507569,1.206414,0.459694,-0.1529205,1.180576,0.502446,INPUT
10.79052,-0.1509476,1.206929,0.4623357,-0.152921,1.181041,0.5050665,INPUT
10.81164,-0.1516267,1.207653,0.4645078,-0.1538151,1.181678,0.5071754,INPUT
10.83488,-0.1524546,1.208496,0.4660501,-0.1548489,1.182503,0.5086957,INPUT
10.85949,-0.1531677,1.209566,0.4674989,-0.1555163,1.183638,0.5101866,INPUT
10.88609,-0.1535375,1.210246,0.4692981,-0.1554426,1.184439,0.5120813,INPUT
10.92409,-0.1551169,1.210339,0.47123,-0.1566162,1.184593,0.5140659,INPUT
10.94777,-0.1590865,1.209965,0.4722371,-0.1609205,1.184111,0.5149944,INPUT
10.97166,-0.1603286,1.210505,0.4731897,-0.1623921,1.184581,0.5158945,INPUT
10.99397,-0.1597475,1.211322,0.4743513,-0.1616478,1.185418,0.5170757,INPUT
11.01598,-0.1599627,1.211726,0.475505,-0.1615024,1.185957,0.5183253,INPUT
11.03869,-0.1615446,1.211527,0.4760563,-0.1629162,1.185841,0.518932,INPUT
11.06125,-0.163575,1.211133,0.4765548,-0.1649158,1.185468,0.5194446,INPUT
11.08337,-0.1651292,1.210831,0.477366,-0.1664185,1.185153,0.5202493,INPUT
11.10621,-0.1657133,1.210639,0.4786208,-0.1667023,1.184955,0.5215082,INPUT
11.13209,-0.1660552,1.210841,0.4795412,-0.1667149,1.185276,0.5225065,INPUT
11.16442,-0.166804,1.211348,0.4798424,-0.1675614,1.185905,0.5228779,INPUT
11.18649,-0.1677604,1.211858,0.4809116,-0.168828,1.186328,0.5238889,INPUT
11.21255,-0.1679065,1.212115,0.4822808,-0.1689339,1.186483,0.5251985,INPUT
11.23617,-0.1679075,1.212498,0.4837868,-0.1686381,1.186874,0.5267152,INPUT
11.27028,-0.1680028,1.212919,0.4852425,-0.1683828,1.187376,0.5282244,INPUT
11.30006,-0.1681639,1.213228,0.4873776,-0.1684149,1.187598,0.5303078,INPUT
11.30006,-0.1681639,1.213228,0.4873776,-0.1684149,1.187598,0.5303078,TRIGGER
11.32567,-0.1677581,1.213226,0.4899502,-0.1677149,1.187414,0.5327725,INPUT
11.35911,-0.1672914,1.213171,0.4921111,-0.1667919,1.187304,0.5348974,INPUT
11.39023,-0.1670576,1.212953,0.4950619,-0.1661489,1.186937,0.5377507,INPUT
11.41532,-0.1665997,1.21312,0.4986466,-0.1656004,1.186826,0.5411622,INPUT
11.43658,-0.1654014,1.213623,0.5011087,-0.1642053,1.187212,0.5435475,INPUT
11.45975,-0.1640246,1.214101,0.5033625,-0.162499,1.18766,0.5457714,INPUT
11.48964,-0.1628624,1.214553,0.5052528,-0.1610046,1.188154,0.547675,INPUT
11.52387,-0.1619983,1.214955,0.5063993,-0.1598606,1.188625,0.5488516,INPUT
11.54602,-0.1611048,1.215925,0.5057132,-0.1593141,1.1897,0.5482463,INPUT
11.57248,-0.1597862,1.2171,0.5037654,-0.1583962,1.191046,0.5464181,INPUT
11.59353,-0.1586652,1.218221,0.5007088,-0.1576653,1.192459,0.5435492,INPUT
11.61818,-0.1590297,1.218914,0.4966969,-0.1585129,1.193503,0.539755,INPUT
11.63954,-0.1610499,1.219141,0.4912758,-0.1610426,1.194217,0.5346205,INPUT
11.6625,-0.1636863,1.218789,0.4859975,-0.1640248,1.194427,0.5296598,INPUT
11.68662,-0.1658318,1.218314,0.4804145,-0.1662174,1.194565,0.5244124,INPUT
11.7219,-0.1673863,1.217588,0.4754174,-0.1678981,1.194291,0.5196555,INPUT
11.7499,-0.1699407,1.215523,0.470669,-0.1711974,1.192546,0.5150591,INPUT
11.78301,-0.1711621,1.213978,0.4670183,-0.1731671,1.190979,0.5113696,INPUT
11.8146,-0.1720646,1.212578,0.4635995,-0.1744972,1.189564,0.5079212,INPUT
11.84359,-0.1733141,1.211209,0.459781,-0.1760269,1.188344,0.5041637,INPUT
11.88173,-0.1744542,1.210021,0.4569674,-0.1774141,1.187239,0.5013773,INPUT
11.90763,-0.1748913,1.208844,0.4553421,-0.1782251,1.185883,0.4996331,INPUT
11.94205,-0.1749056,1.208412,0.4546799,-0.1783936,1.18532,0.4988911,INPUT
11.97223,-0.1755048,1.207696,0.4538336,-0.1788062,1.18471,0.4981139,INPUT
12.00624,-0.176925,1.206967,0.4528831,-0.1800694,1.184009,0.4971891,INPUT
12.03422,-0.1788997,1.206722,0.4515409,-0.1820613,1.183737,0.4958316,INPUT
12.05622,-0.1795844,1.207218,0.4511988,-0.1828465,1.184131,0.4954295,INPUT
12.07777,-0.1796077,1.208054,0.4509744,-0.1829236,1.184979,0.4952074,INPUT
12.10179,-0.1800075,1.208688,0.4508047,-0.1832733,1.185644,0.4950576,INPUT
12.12981,-0.1808955,1.209065,0.4508254,-0.1840667,1.185963,0.4950544,INPUT
12.16667,-0.1819758,1.209798,0.4508103,-0.1851299,1.186658,0.4950208,INPUT
12.19823,-0.1825302,1.211071,0.4516554,-0.1855448,1.187843,0.4958296,INPUT
12.23427,-0.1835055,1.212381,0.4519254,-0.1864673,1.189137,0.4960949,INPUT
12.26425,-0.1846529,1.213478,0.4528377,-0.1874664,1.190096,0.4969438,INPUT
12.29839,-0.1855334,1.214974,0.4537471,-0.1883229,1.191455,0.4977821,INPUT
12.32994,-0.1855859,1.216897,0.4552209,-0.1883927,1.193207,0.4991633,INPUT
12.36389,-0.1857141,1.218614,0.4571047,-0.1883246,1.194839,0.5010127,INPUT
12.39603,-0.18658,1.219805,0.4596758,-0.1890872,1.195736,0.5034298,INPUT
12.42963,-0.1867467,1.221031,0.4628454,-0.1893415,1.196474,0.5063222,INPUT
12.46658,-0.186377,1.222758,0.4659781,-0.1888999,1.197907,0.5092917,INPUT
12.50101,-0.1860517,1.224417,0.4692384,-0.1885099,1.199249,0.5123721,INPUT
12.53015,-0.1850221,1.226703,0.4728806,-0.1874422,1.201287,0.5158707,INPUT
12.5652,-0.1835871,1.228182,0.4768959,-0.1861162,1.202212,0.5195474,INPUT
12.59691,-0.1820208,1.22919,0.4824961,-0.184931,1.202285,0.5245399,INPUT
12.63004,-0.1800472,1.230544,0.4869098,-0.1830074,1.203253,0.5287003,INPUT
12.66932,-0.1781069,1.232181,0.490672,-0.1805787,1.204997,0.5325639,INPUT
12.66932,-0.1781069,1.232181,0.490672,-0.1805787,1.204997,0.5325639,TRIGGER
12.70229,-0.1763793,1.232466,0.4956987,-0.1782587,1.205051,0.5374708,INPUT
12.73112,-0.1739715,1.232128,0.5013252,-0.1758565,1.204031,0.5426411,INPUT
12.76451,-0.1712257,1.231886,0.5059851,-0.1730799,1.203337,0.5469916,INPUT
12.80156,-0.1691009,1.231215,0.510291,-0.1704387,1.202395,0.5511276,INPUT
12.83345,-0.1676648,1.230423,0.5136098,-0.1683983,1.201496,0.5543857,INPUT
12.87027,-0.1668683,1.229387,0.5161105,-0.1672406,1.200326,0.5567957,INPUT
12.89186,-0.1661441,1.228714,0.5173766,-0.1661768,1.199772,0.5581486,INPUT
12.91454,-0.1655728,1.228664,0.5171456,-0.1652183,1.200046,0.558144,INPUT
12.94003,-0.1651423,1.22866,0.5162445,-0.1645302,1.200383,0.5574757,INPUT
12.96533,-0.1649088,1.228709,0.5145161,-0.1643274,1.200692,0.555925,INPUT
12.99863,-0.1651651,1.228471,0.5120707,-0.1648077,1.200631,0.5536019,INPUT
13.03104,-0.1669246,1.228007,0.5070955,-0.1668863,1.200578,0.5489003,INPUT
13.06907,-0.1684033,1.228095,0.5016968,-0.16833,1.201326,0.5439274,INPUT
13.10888,-0.1694742,1.228757,0.4947139,-0.1694696,1.202825,0.5374635,INPUT
13.14527,-0.1707103,1.228855,0.4895241,-0.1707886,1.203395,0.5325563,INPUT
13.18128,-0.1737321,1.228522,0.4836557,-0.1736013,1.2036,0.5270019,INPUT
13.21211,-0.1751279,1.229351,0.4785866,-0.1749596,1.204927,0.5222149,INPUT
13.24383,-0.1747631,1.230613,0.4751099,-0.1747379,1.206401,0.5188563,INPUT
13.27176,-0.1740561,1.231997,0.472123,-0.17421,1.207921,0.5159442,INPUT
13.30269,-0.1738191,1.232899,0.4696237,-0.173951,1.208958,0.5135196,INPUT
13.33307,-0.1739354,1.233668,0.4665744,-0.1739597,1.209941,0.510586,INPUT
13.35561,-0.1737485,1.234926,0.4624305,-0.1737769,1.211534,0.5066211,INPUT
13.37923,-0.1732891,1.235823,0.4602826,-0.1734401,1.212532,0.5045264,INPUT
13.40125,-0.1729182,1.236598,0.4579951,-0.173253,1.213312,0.5022403,INPUT
13.42706,-0.1727613,1.237084,0.4560903,-0.1733129,1.213727,0.5002959,INPUT
13.45216,-0.1729374,1.237602,0.454441,-0.1736139,1.214283,0.4986649,INPUT
13.47424,-0.1731615,1.23837,0.4527839,-0.1739301,1.215239,0.4971051,INPUT
13.51552,-0.173592,1.238811,0.4515618,-0.1743823,1.215775,0.4959322,INPUT
13.53797,-0.1749258,1.238559,0.4505,-0.1758223,1.215404,0.4948061,INPUT
13.55977,-0.1756593,1.238643,0.4496564,-0.1766472,1.215447,0.4939395,INPUT
13.58011,-0.1758829,1.238867,0.4492508,-0.1768726,1.215689,0.493543,INPUT
13.6011,-0.1762517,1.239091,0.4488347,-0.1772634,1.215954,0.4931481,INPUT
13.62315,-0.1769321,1.238889,0.4484098,-0.1779923,1.215772,0.4927323,INPUT
13.64389,-0.1779338,1.238388,0.4483359,-0.1790403,1.215175,0.492607,INPUT
13.66944,-0.1787324,1.23782,0.448658,-0.1798063,1.214455,0.49285,INPUT
13.69603,-0.1797039,1.237138,0.4497726,-0.1806844,1.213611,0.4938805,INPUT
13.72224,-0.1809582,1.236458,0.4511934,-0.1818872,1.212795,0.49523,INPUT
13.75285,-0.1825674,1.235687,0.4533005,-0.1833208,1.211828,0.4972345,INPUT
13.7742,-0.1835105,1.235462,0.4571892,-0.1837648,1.211408,0.5010225,INPUT
13.79583,-0.1830309,1.236149,0.4602934,-0.1830799,1.211938,0.504041,INPUT
13.81822,-0.1815724,1.237542,0.4635596,-0.1816991,1.213048,0.5071489,INPUT
13.8404,-0.1797894,1.238831,0.4669406,-0.1801206,1.213951,0.5103099,INPUT
13.86384,-0.1783935,1.239852,0.4702688,-0.1788345,1.214592,0.5134162,INPUT
13.8854,-0.1776607,1.240192,0.4733639,-0.1778876,1.214739,0.5164003,INPUT
13.90698,-0.1775776,1.240163,0.4761611,-0.1773418,1.21472,0.5192026,INPUT
13.93398,-0.177243,1.240313,0.4788456,-0.1766599,1.214861,0.5218787,INPUT
13.95502,-0.1758289,1.240588,0.48224,-0.1751164,1.214884,0.5251209,INPUT
13.97615,-0.1744575,1.240524,0.4857789,-0.1736078,1.214499,0.5284639,INPUT
14.00124,-0.1737971,1.240286,0.4884737,-0.172772,1.214081,0.5310448,INPUT
14.02451,-0.1734283,1.24005,0.4909032,-0.1721231,1.213784,0.5334284,INPUT
14.0462,-0.1730591,1.239782,0.4932802,-0.1714555,1.213447,0.5357528,INPUT
14.0462,-0.1730591,1.239782,0.4932802,-0.1714555,1.213447,0.5357528,TRIGGER
14.07137,-0.1727078,1.239392,0.4954046,-0.170915,1.21293,0.5377905,INPUT
14.09721,-0.1722924,1.23903,0.4974757,-0.1703477,1.212433,0.5397702,INPUT
14.12266,-0.172057,1.238524,0.4998285,-0.1699094,1.211816,0.5420431,INPUT
14.15721,-0.1721859,1.237604,0.5023389,-0.169853,1.210681,0.5444065,INPUT
14.17795,-0.172682,1.236736,0.5042957,-0.1698559,1.209813,0.5463333,INPUT
14.20436,-0.1730652,1.236241,0.5056081,-0.1697959,1.209407,0.5476705,INPUT
14.2328,-0.1733386,1.235594,0.5073248,-0.1697274,1.208761,0.5493597,INPUT
14.26268,-0.1731801,1.23529,0.508794,-0.1694781,1.208354,0.5507554,INPUT
14.29081,-0.1731293,1.234767,0.5104086,-0.1692057,1.207759,0.5523036,INPUT
14.31846,-0.1741456,1.233818,0.511003,-0.1696576,1.207028,0.5529813,INPUT
14.34266,-0.1744549,1.23299,0.511326,-0.169429,1.206458,0.5534067,INPUT
14.39096,-0.1739136,1.231968,0.5118335,-0.1685016,1.20551,0.5539131,INPUT
14.42073,-0.1733098,1.22973,0.5108832,-0.1673921,1.20362,0.5531119,INPUT
14.45228,-0.1733148,1.228093,0.5083511,-0.1673386,1.202241,0.5507302,INPUT
14.48809,-0.1724267,1.226948,0.5046477,-0.1666054,1.201319,0.5471828,INPUT
14.51869,-0.1706949,1.225803,0.500115,-0.1652438,1.200495,0.5428906,INPUT
14.55297,-0.1683155,1.224324,0.4953864,-0.1630544,1.199474,0.5384535,INPUT
14.58755,-0.165024,1.222877,0.4901448,-0.1596833,1.198745,0.5336092,INPUT
14.61861,-0.161365,1.221295,0.4856685,-0.1558614,1.197759,0.5294381,INPUT
14.65165,-0.1579863,1.219059,0.4809856,-0.1524234,1.195972,0.5249861,INPUT
14.68802,-0.1537869,1.217822,0.4760515,-0.1485403,1.194972,0.5202139,INPUT
14.72047,-0.1470334,1.21781,0.4718619,-0.1420269,1.195262,0.5162075,INPUT
14.75608,-0.1410507,1.217495,0.4674726,-0.1361637,1.195283,0.5120008,INPUT
14.79168,-0.1356814,1.216409,0.4639283,-0.130909,1.194238,0.5084893,INPUT
14.82141,-0.1297562,1.21571,0.4618377,-0.125128,1.193387,0.5063377,INPUT
14.85238,-0.1229659,1.215387,0.4603961,-0.118091,1.193184,0.50493,INPUT
14.88487,-0.1184924,1.214582,0.4590943,-0.1132941,1.192517,0.5036601,INPUT
14.91778,-0.1124657,1.214915,0.4577171,-0.1071245,1.192953,0.5023168,INPUT
14.95134,-0.1060763,1.215941,0.4570423,-0.1006849,1.194009,0.5016507,INPUT
14.98707,-0.1006252,1.216558,0.4564768,-0.09508367,1.194706,0.5011058,INPUT
15.02098,-0.0959556,1.216966,0.4558789,-0.09015107,1.195318,0.5005745,INPUT
15.05236,-0.09239684,1.217216,0.4558007,-0.08623382,1.195824,0.5005707,INPUT
15.08831,-0.08890156,1.217363,0.4563768,-0.08233899,1.196202,0.5012004,INPUT
15.12188,-0.08588107,1.217198,0.4577797,-0.07892829,1.196133,0.5025898,INPUT
15.1537,-0.08354382,1.216797,0.4596705,-0.07617413,1.195808,0.5044497,INPUT
15.17465,-0.08100824,1.216982,0.461564,-0.07351119,1.195827,0.5062437,INPUT
15.19663,-0.07912378,1.217495,0.4629072,-0.07170991,1.19612,0.5074955,INPUT
15.22655,-0.07745247,1.218239,0.4638944,-0.07005858,1.196818,0.508464,INPUT
15.24824,-0.07606535,1.218891,0.4647546,-0.06860895,1.197486,0.5093217,INPUT
15.27031,-0.07554738,1.219058,0.4653237,-0.06806512,1.19764,0.5098802,INPUT
15.29165,-0.07544102,1.218936,0.4659574,-0.06794603,1.197451,0.5104794,INPUT
15.31492,-0.07529001,1.218977,0.4664928,-0.06775333,1.197478,0.5110012,INPUT
15.34015,-0.07475682,1.219266,0.466973,-0.06722005,1.197722,0.5114598,INPUT
15.37581,-0.0743099,1.219498,0.4679455,-0.06677897,1.197865,0.5123894,INPUT
15.40044,-0.07419769,1.219684,0.4689001,-0.06661886,1.197989,0.513306,INPUT
15.42746,-0.07410763,1.219814,0.4699481,-0.06643331,1.198035,0.5142967,INPUT
15.44985,-0.0736127,1.220244,0.4712138,-0.06581613,1.198441,0.5155291,INPUT
15.4735,-0.07304616,1.220577,0.4732521,-0.06512652,1.198689,0.5175038,INPUT
15.50237,-0.07246007,1.220701,0.4752978,-0.06439897,1.198679,0.5194574,INPUT
15.53041,-0.07194228,1.21998,0.4789263,-0.06365655,1.197624,0.5228761,INPUT
15.55598,-0.070733,1.219427,0.4830687,-0.06223932,1.196683,0.5267789,INPUT
15.58653,-0.06917672,1.218964,0.486653,-0.06039695,1.195973,0.5301771,INPUT
15.62069,-0.06754492,1.21776,0.4910971,-0.05828432,1.194585,0.5344234,INPUT
15.65315,-0.06720214,1.215462,0.4954993,-0.05725342,1.192401,0.5387334,INPUT
15.65315,-0.06720214,1.215462,0.4954993,-0.05725342,1.192401,0.5387334,TRIGGER
15.68048,-0.06690554,1.213543,0.498563,-0.05679718,1.190304,0.5416646,INPUT
15.72207,-0.0642833,1.211455,0.5037785,-0.05387441,1.187553,0.546444,INPUT
15.75593,-0.06059973,1.21029,0.5083709,-0.04971702,1.18606,0.550732,INPUT
15.78178,-0.05897506,1.209142,0.5111212,-0.04790757,1.184701,0.5533127,INPUT
15.80222,-0.05760132,1.208148,0.5131339,-0.04645925,1.183523,0.5551984,INPUT
15.82309,-0.05645387,1.207327,0.5144588,-0.04517663,1.18262,0.5564392,INPUT
15.84863,-0.05554239,1.20668,0.515175,-0.04411628,1.181939,0.5570959,INPUT
15.87397,-0.05475022,1.206251,0.5152772,-0.04329925,1.181521,0.5571972,INPUT
15.91109,-0.05415414,1.205891,0.514802,-0.04286912,1.181145,0.5567576,INPUT
15.93635,-0.05365096,1.205851,0.5131457,-0.04257767,1.181219,0.5552248,INPUT
15.9588,-0.05395709,1.205837,0.5111735,-0.04291093,1.181424,0.5533875,INPUT
15.98084,-0.05483536,1.2057,0.5088749,-0.04383803,1.181552,0.5512529,INPUT
16.00234,-0.05596785,1.205522,0.5067098,-0.04510479,1.181623,0.5492638,INPUT
16.0239,-0.05668531,1.205667,0.503795,-0.04606221,1.182004,0.5465409,INPUT
16.04954,-0.05671431,1.206056,0.5003996,-0.04644492,1.18256,0.5433238,INPUT
16.07182,-0.05647837,1.206168,0.496787,-0.04650866,1.182905,0.5399083,INPUT
16.09313,-0.05679213,1.205606,0.492588,-0.04709943,1.182582,0.5359004,INPUT
16.11556,-0.05844723,1.204027,0.488693,-0.0490365,1.18119,0.5321661,INPUT
16.13777,-0.06064035,1.20201,0.484262,-0.05154919,1.17936,0.5279007,INPUT
16.16055,-0.06273456,1.199834,0.4804015,-0.05396004,1.177261,0.5241444,INPUT
16.18223,-0.06413735,1.197922,0.4764545,-0.05567675,1.175431,0.5203016,INPUT
16.21335,-0.06496684,1.196516,0.4728424,-0.05676358,1.174108,0.5167812,INPUT
16.24579,-0.06603892,1.19471,0.4684544,-0.05813763,1.172477,0.5125369,INPUT
16.27256,-0.06814705,1.192527,0.4627534,-0.06085191,1.170476,0.5070314,INPUT
16.29421,-0.06964351,1.190893,0.4590406,-0.0631711,1.168491,0.5032699,INPUT
16.31869,-0.07020472,1.190026,0.4563416,-0.06442803,1.167243,0.5004728,INPUT
16.35211,-0.07013886,1.190076,0.4536658,-0.06478505,1.167297,0.4978525,INPUT
16.37699,-0.07130013,1.18986,0.4502648,-0.06601203,1.167487,0.4946657,INPUT
16.40207,-0.07287149,1.189402,0.4477388,-0.06753314,1.167399,0.4923188,INPUT
16.42634,-0.07430975,1.188983,0.4457954,-0.06892702,1.167168,0.4904622,INPUT
16.45234,-0.07517831,1.188924,0.4447826,-0.06994108,1.167073,0.4894488,INPUT
16.49175,-0.07557105,1.189062,0.4448574,-0.07042804,1.16706,0.4894607,INPUT
16.51604,-0.07646708,1.189613,0.445651,-0.0713406,1.167557,0.4902295,INPUT
16.53732,-0.0773149,1.190671,0.4467134,-0.07201774,1.168649,0.4912889,INPUT
16.55791,-0.07751493,1.191836,0.4483317,-0.07208993,1.169779,0.4928747,INPUT
16.57854,-0.07726561,1.193603,0.4505307,-0.07176401,1.171466,0.4950247,INPUT
16.60133,-0.07692672,1.195405,0.4529485,-0.07133538,1.173208,0.4974011,INPUT
16.62422,-0.07685618,1.197099,0.4558472,-0.07111864,1.174836,0.5002482,INPUT
16.64646,-0.07706554,1.198462,0.4594085,-0.07101251,1.176085,0.5037102,INPUT
16.66914,-0.07727526,1.199939,0.4630156,-0.07090105,1.17747,0.5072256,INPUT
16.70441,-0.0773565,1.2015,0.466278,-0.07078422,1.178937,0.510411,INPUT
16.7351,-0.0773571,1.203515,0.4704564,-0.07069711,1.180723,0.5144581,INPUT
16.76031,-0.07743688,1.205679,0.4755184,-0.07048622,1.18259,0.5193204,INPUT
16.78543,-0.07802336,1.207178,0.4789055,-0.07075797,1.184004,0.5226114,INPUT
16.82078,-0.07844074,1.208556,0.4817717,-0.07104296,1.185212,0.5253648,INPUT
16.84449,-0.07827891,1.21126,0.4857775,-0.07064664,1.187774,0.5292538,INPUT
16.87032,-0.07819222,1.213304,0.4880892,-0.07030419,1.189888,0.531557,INPUT
16.90015,-0.07827251,1.215205,0.4906727,-0.07015818,1.191733,0.5340688,INPUT
16.93235,-0.07835697,1.216854,0.4935617,-0.07007556,1.193157,0.536804,INPUT
16.93235,-0.07835697,1.216854,0.4935617,-0.07007556,1.193157,0.536804,TRIGGER
16.95512,-0.0777102,1.219459,0.4969762,-0.06934497,1.195473,0.5400424,INPUT
16.97832,-0.07696827,1.22129,0.4987203,-0.0685335,1.197167,0.5416966,INPUT
17.00521,-0.07622327,1.222931,0.5002459,-0.06762792,1.198752,0.5431588,INPUT
17.03176,-0.07602377,1.224087,0.5016082,-0.06739372,1.199835,0.5444729,INPUT
17.06489,-0.07564144,1.225116,0.5029572,-0.06694721,1.200732,0.5457338,INPUT
17.08702,-0.07488193,1.225717,0.5049099,-0.06603613,1.201084,0.5475123,INPUT
17.11511,-0.07408689,1.226086,0.5056574,-0.06517901,1.201326,0.5481735,INPUT
17.13629,-0.07271449,1.226621,0.5060019,-0.06375998,1.201832,0.5484908,INPUT
17.1602,-0.07069193,1.227558,0.5055448,-0.06175642,1.202751,0.5480277,INPUT
17.1869,-0.06906305,1.228367,0.5043492,-0.06027698,1.203613,0.5468942,INPUT
17.21258,-0.06793664,1.229381,0.5015301,-0.05946527,1.204741,0.5442042,INPUT
17.24334,-0.0686201,1.229481,0.4977303,-0.06049204,1.204976,0.5405492,INPUT
17.26441,-0.07108353,1.228837,0.4919626,-0.06321286,1.204738,0.5350593,INPUT
17.28598,-0.07283072,1.227965,0.4880228,-0.06501431,1.204126,0.5312734,INPUT
17.30893,-0.07401882,1.226924,0.4851059,-0.06625205,1.203202,0.5284294,INPUT
17.33739,-0.07436399,1.22559,0.4824626,-0.06642532,1.201813,0.525725,INPUT
17.36221,-0.0740885,1.224116,0.4807422,-0.06561875,1.200256,0.5238578,INPUT
17.38333,-0.07344382,1.222579,0.4778033,-0.06429345,1.198711,0.520775,INPUT
17.40789,-0.07239501,1.220803,0.4753499,-0.06263912,1.196718,0.5180669,INPUT
17.44357,-0.07109605,1.219623,0.4722689,-0.06109343,1.195423,0.5148638,INPUT
17.46634,-0.07114147,1.218438,0.4665721,-0.06143374,1.194433,0.509345,INPUT
17.49597,-0.07196797,1.216666,0.4639627,-0.06229333,1.192572,0.5066934,INPUT
17.52513,-0.07291757,1.214931,0.4617354,-0.06330146,1.190698,0.5044,INPUT
17.56017,-0.07322286,1.213312,0.4597493,-0.06352467,1.188925,0.5023078,INPUT
17.58307,-0.07248442,1.213457,0.4571011,-0.06294005,1.189136,0.4997323,INPUT
17.60567,-0.07201718,1.213747,0.4558888,-0.06249666,1.189406,0.4985136,INPUT
17.63305,-0.07226028,1.214135,0.4545686,-0.0627971,1.189885,0.4972582,INPUT
17.66675,-0.07273693,1.214473,0.453408,-0.06332283,1.190295,0.4961489,INPUT
17.69312,-0.0735838,1.215168,0.4519917,-0.06437275,1.191082,0.4948286,INPUT
17.71697,-0.07448711,1.215405,0.4513868,-0.06553067,1.191252,0.4942399,INPUT
17.74009,-0.07563759,1.215339,0.4511294,-0.06692904,1.191028,0.4939446,INPUT
17.77677,-0.07653631,1.215245,0.4513805,-0.06787423,1.190875,0.4941714,INPUT
17.79907,-0.0772828,1.215563,0.452159,-0.06863742,1.191201,0.494958,INPUT
17.82964,-0.07849626,1.214988,0.4540946,-0.06988966,1.190599,0.496886,INPUT
17.86337,-0.07962315,1.214698,0.4565787,-0.07098583,1.190248,0.4993292,INPUT
17.8962,-0.07997911,1.214555,0.460577,-0.07127476,1.189916,0.5032049,INPUT
17.93092,-0.07948463,1.214773,0.4652367,-0.07062964,1.189874,0.5076825,INPUT
17.96525,-0.07859914,1.215145,0.469986,-0.06966422,1.190053,0.5123008,INPUT
18.00502,-0.07759659,1.21555,0.4749251,-0.06836458,1.190316,0.5170913,INPUT
18.03563,-0.07632782,1.215588,0.4801504,-0.06670614,1.190089,0.5220697,INPUT
18.06713,-0.07517628,1.215441,0.4855967,-0.06513821,1.189728,0.527287,INPUT
18.09883,-0.07384439,1.214874,0.4916409,-0.06313459,1.188878,0.5329875,INPUT
18.13376,-0.07208614,1.215374,0.4961183,-0.06105234,1.189217,0.5372775,INPUT
18.13376,-0.07208614,1.215374,0.4961183,-0.06105234,1.189217,0.5372775,TRIGGER
18.16897,-0.06950037,1.216576,0.5009288,-0.05805489,1.190325,0.5419153,INPUT
18.20508,-0.06742226,1.217523,0.5047061,-0.05558646,1.191286,0.5455905,INPUT
18.23388,-0.06534229,1.217984,0.508603,-0.05296332,1.191711,0.5493033,INPUT
18.26479,-0.0634311,1.217834,0.5126718,-0.05057216,1.191407,0.5531223,INPUT
18.29608,-0.06188725,1.217244,0.516319,-0.0488655,1.19053,0.5565286,INPUT
18.33478,-0.06004466,1.217575,0.5193635,-0.04690674,1.190665,0.5594046,INPUT
18.36667,-0.05808793,1.21865,0.5210167,-0.04493812,1.191667,0.5610048,INPUT
18.39768,-0.05631278,1.220007,0.52144,-0.04328572,1.19285,0.5613496,INPUT
18.43252,-0.05313377,1.223419,0.5191361,-0.04056036,1.196381,0.5592712,INPUT
18.46334,-0.05075963,1.22594,0.5160671,-0.03842534,1.199221,0.5564894,INPUT
18.49818,-0.05160008,1.227325,0.5102211,-0.03939892,1.201257,0.5511057,INPUT
18.52143,-0.05317603,1.227126,0.5042987,-0.04106943,1.201476,0.545475,INPUT
18.54219,-0.05313776,1.22654,0.5003393,-0.04128271,1.201063,0.5416959,INPUT
18.56427,-0.05283485,1.226187,0.4966322,-0.04118095,1.200902,0.5381636,INPUT
18.59018,-0.0524718,1.225541,0.4929346,-0.04096231,1.200498,0.5346524,INPUT
18.61773,-0.05198146,1.224736,0.4885132,-0.04063213,1.199982,0.5304465,INPUT
18.65665,-0.05089967,1.223684,0.4839303,-0.0397564,1.199237,0.5260983,INPUT
18.68085,-0.04798581,1.22277,0.4789856,-0.0370985,1.198558,0.5213562,INPUT
18.70386,-0.04475437,1.222293,0.4758859,-0.03397318,1.198314,0.5184152,INPUT
18.72752,-0.0409607,1.222523,0.4734892,-0.03013172,1.198786,0.5161419,INPUT
18.75303,-0.03669566,1.223172,0.471551,-0.02583302,1.19965,0.5143148,INPUT
18.78455,-0.03190844,1.224069,0.470145,-0.02090363,1.20081,0.5130162,INPUT
18.81041,-0.02484268,1.225474,0.4689017,-0.01347363,1.20255,0.5118578,INPUT
18.83609,-0.01976848,1.226478,0.4682388,-0.008209853,1.203707,0.511226,INPUT
18.8639,-0.01392674,1.227348,0.467989,-0.002257314,1.204616,0.5109667,INPUT
18.88538,-0.008373544,1.227853,0.467671,0.003365935,1.205073,0.5106044,INPUT
18.91883,-0.003459796,1.228007,0.4676536,0.008404814,1.205178,0.5105262,INPUT
18.94021,0.002359837,1.227884,0.4676009,0.0144843,1.205046,0.5103961,INPUT
18.96219,0.00648734,1.227781,0.4677907,0.0187499,1.204955,0.510553,INPUT
18.98532,0.01036648,1.227526,0.468144,0.02272312,1.204646,0.5108503,INPUT
19.00842,0.01396461,1.226878,0.4685927,0.02641356,1.203883,0.5112105,INPUT
19.02937,0.01757818,1.226014,0.4694337,0.03014493,1.202894,0.5119488,INPUT
19.05214,0.02061346,1.225142,0.47043,0.03336542,1.201924,0.5128368,INPUT
19.078,0.02380207,1.224354,0.4713926,0.03673809,1.201051,0.5136966,INPUT
19.09962,0.02692945,1.223655,0.4724435,0.03998921,1.200219,0.5146358,INPUT
19.12497,0.03052461,1.223328,0.4733885,0.04366938,1.199773,0.515488,INPUT
19.1492,0.03337741,1.223145,0.4742525,0.04657954,1.199485,0.5162755,INPUT
19.17328,0.03637233,1.223081,0.4751481,0.04968271,1.199336,0.5170887,INPUT
19.21065,0.03926463,1.22347,0.4755848,0.05266739,1.199714,0.5174894,INPUT
19.23836,0.04251988,1.224537,0.4758193,0.05607224,1.200856,0.5177191,INPUT
19.26241,0.0444396,1.22547,0.4757955,0.05814046,1.201908,0.5177134,INPUT
19.30036,0.04594885,1.226372,0.4757614,0.05966591,1.202885,0.5177159,INPUT
19.32396,0.04784077,1.228004,0.4756182,0.06162298,1.204705,0.5176563,INPUT
19.34962,0.04918036,1.229529,0.4757268,0.06309417,1.206427,0.51783,INPUT
19.37371,0.04994263,1.230663,0.4762018,0.06403345,1.207701,0.5183231,INPUT
19.40905,0.04980712,1.231296,0.477416,0.06413246,1.208371,0.5194781,INPUT
19.43107,0.0493633,1.232272,0.4792216,0.06387649,1.209353,0.5212228,INPUT
19.45287,0.05013628,1.233418,0.4807994,0.06476582,1.2105,0.5227603,INPUT
19.47499,0.0512477,1.234411,0.4824464,0.06598825,1.211495,0.5243695,INPUT
19.50521,0.05193749,1.235097,0.4843625,0.0668216,1.212185,0.5262376,INPUT
19.52941,0.05188555,1.234926,0.4872575,0.06685925,1.211741,0.5289499,INPUT
19.56578,0.0522431,1.234611,0.4906719,0.067192,1.211073,0.5321747,INPUT
19.56578,0.0522431,1.234611,0.4906719,0.067192,1.211073,0.5321747,TRIGGER
19.58783,0.05425183,1.234571,0.4949608,0.0693026,1.210609,0.5361835,INPUT
19.61548,0.05512644,1.234301,0.4976874,0.07031132,1.210142,0.5387454,INPUT
19.64259,0.05573039,1.233706,0.50044,0.07104975,1.209321,0.5413142,INPUT
19.67014,0.05703728,1.233123,0.5034142,0.07236011,1.208375,0.5440686,INPUT
19.70139,0.05998029,1.233042,0.506462,0.07539061,1.207966,0.5468808,INPUT
19.73686,0.06254022,1.232968,0.5090193,0.07800624,1.207617,0.549245,INPUT
19.76647,0.06476711,1.232942,0.5110011,0.08039358,1.207408,0.5510484,INPUT
19.79632,0.06690201,1.233355,0.5117866,0.0825661,1.207687,0.5517341,INPUT
19.82589,0.06891865,1.234528,0.5112067,0.08446086,1.208872,0.5512094,INPUT
19.8656,0.07124181,1.237072,0.5086075,0.08670967,1.211876,0.5489297,INPUT
19.89841,0.07332636,1.240987,0.5028393,0.08898985,1.216848,0.5437286,INPUT
19.92941,0.07328679,1.242611,0.4988621,0.0888823,1.219012,0.540092,INPUT
19.96897,0.07429491,1.244432,0.4949343,0.09015715,1.221533,0.5364556,INPUT
20.00068,0.07595479,1.245598,0.492103,0.09211558,1.223133,0.5337461,INPUT
20.04607,0.07587802,1.245734,0.4898798,0.09203771,1.223406,0.5315968,INPUT
20.07353,0.07812598,1.247757,0.4865995,0.09450856,1.225815,0.5284342,INPUT
20.09876,0.08039253,1.249144,0.4852746,0.09676425,1.227279,0.5271539,INPUT
20.13153,0.08195104,1.25017,0.4842455,0.09833877,1.228419,0.5261779,INPUT
20.16813,0.08300385,1.25104,0.4833286,0.09943831,1.229384,0.5252917,INPUT
20.19956,0.08434142,1.252133,0.4825811,0.1008043,1.230543,0.5245669,INPUT
20.22997,0.08595746,1.253364,0.4816861,0.1023815,1.231857,0.5237303,INPUT
20.26336,0.08729352,1.255031,0.480204,0.1037883,1.233904,0.5224127,INPUT
20.30136,0.08873665,1.25633,0.4790802,0.1054229,1.235497,0.5213594,INPUT
20.33442,0.08874714,1.256535,0.4787929,0.1053835,1.235714,0.521098,INPUT
20.3685,0.08842656,1.256191,0.4791383,0.104857,1.235164,0.5214218,INPUT
20.39928,0.08824021,1.255841,0.4794941,0.1045826,1.23467,0.5217397,INPUT
20.43481,0.0877431,1.255418,0.4799758,0.104135,1.234226,0.5221919,INPUT
20.47087,0.08677633,1.25408,0.4815695,0.1030624,1.232605,0.5236836,INPUT
20.50651,0.08560249,1.251845,0.4839295,0.1017904,1.229885,0.5258306,INPUT
20.53596,0.083276,1.248361,0.486862,0.09937477,1.225809,0.5284816,INPUT
20.57245,0.08128648,1.245295,0.4893157,0.09753583,1.222383,0.5306801,INPUT
20.60049,0.08040078,1.242842,0.4914009,0.09672111,1.219595,0.5325499,INPUT
20.60049,0.08040078,1.242842,0.4914009,0.09672111,1.219595,0.5325499,TRIGGER
20.63392,0.08022499,1.241101,0.4932182,0.09667194,1.217677,0.5342163,INPUT
20.66005,0.0801037,1.239431,0.4950553,0.09668177,1.215832,0.5358999,INPUT
20.68484,0.07943197,1.237537,0.4968725,0.09607649,1.213698,0.5375499,INPUT
20.72191,0.07819745,1.235396,0.4986225,0.0948022,1.21126,0.5391412,INPUT
20.74715,0.077478,1.232866,0.5008554,0.09426526,1.208444,0.5411264,INPUT
20.77721,0.07668428,1.231254,0.5020801,0.09373224,1.206801,0.5422223,INPUT
20.8129,0.07505471,1.229379,0.5031461,0.09227103,1.204869,0.5431815,INPUT
20.83912,0.07380958,1.227469,0.5041545,0.09102268,1.202733,0.5440524,INPUT
20.86173,0.07368524,1.226515,0.504864,0.0909625,1.201634,0.5446444,INPUT
20.89643,0.0733192,1.225665,0.5051764,0.0906155,1.200701,0.5448959,INPUT
20.92184,0.07264663,1.225181,0.5045755,0.08980706,1.200212,0.5443506,INPUT
20.94668,0.07298483,1.2257,0.5034316,0.0900485,1.200846,0.5433208,INPUT
20.97603,0.07412411,1.227504,0.501043,0.09120281,1.203116,0.5412122,INPUT
21.00078,0.07613538,1.231053,0.4968712,0.09358139,1.207757,0.5375275,INPUT
21.03126,0.0784134,1.234755,0.4924734,0.09613985,1.212505,0.5335913,INPUT
21.05654,0.07929091,1.237756,0.4881768,0.09719078,1.216526,0.529757,INPUT
21.07944,0.07950377,1.239931,0.484699,0.09760328,1.219633,0.526656,INPUT
21.10067,0.07977188,1.241452,0.4822627,0.09806966,1.221792,0.5244368,INPUT
21.12262,0.08000216,1.242314,0.4809284,0.0984481,1.222947,0.5231739,INPUT
21.144,0.08033372,1.243067,0.4799729,0.09877782,1.223839,0.5222824,INPUT
21.16857,0.0809321,1.244088,0.478783,0.09925766,1.224959,0.5211887,INPUT
21.19663,0.08170339,1.245073,0.4779762,0.09997967,1.226034,0.5204437,INPUT
21.22515,0.08215141,1.245789,0.4772978,0.1003891,1.226821,0.5198137,INPUT
21.25347,0.08199456,1.246105,0.4770521,0.1001655,1.227101,0.5195807,INPUT
21.2797,0.08166957,1.246366,0.4768488,0.0997981,1.227386,0.5194056,INPUT
21.30596,0.08162475,1.246709,0.4764384,0.0997398,1.227769,0.5190192,INPUT
21.33141,0.08168267,1.246971,0.4760096,0.09969106,1.228037,0.5186382,INPUT
21.36361,0.08181041,1.24706,0.4757159,0.09974349,1.228128,0.5183771,INPUT
21.38448,0.08118255,1.246485,0.4759328,0.09902542,1.22746,0.5185907,INPUT
21.41062,0.08043327,1.245799,0.4763179,0.09819887,1.226675,0.5189633,INPUT
21.43275,0.07953732,1.244976,0.4766427,0.09726828,1.225742,0.5192537,INPUT
21.45507,0.07841332,1.243826,0.4774185,0.09604342,1.224402,0.5199847,INPUT
21.47663,0.0776407,1.242927,0.4781002,0.09520352,1.223346,0.5206223,INPUT
21.50476,0.07711502,1.242319,0.4785875,0.09463408,1.222621,0.521074,INPUT
21.53003,0.07681002,1.242047,0.4789913,0.09442378,1.222398,0.5214611,INPUT
21.56661,0.07661556,1.241638,0.4797502,0.09432982,1.221977,0.5221727,INPUT
21.59404,0.07582618,1.240501,0.4814804,0.09351532,1.220561,0.5237828,INPUT
21.63093,0.07488917,1.239352,0.4830397,0.09257553,1.219202,0.5252435,INPUT
21.65986,0.0735677,1.237577,0.4851542,0.09145705,1.217226,0.5271753,INPUT
21.68797,0.07165988,1.235087,0.4877769,0.08970127,1.214369,0.5295532,INPUT
21.72368,0.07011537,1.23315,0.4896934,0.08815486,1.212128,0.5313188,INPUT
21.72368,0.07011537,1.23315,0.4896934,0.08815486,1.212128,0.5313188,TRIGGER
21.75409,0.06944005,1.231713,0.4911458,0.08755104,1.210486,0.5326356,INPUT
21.78481,0.06917785,1.230675,0.4922132,0.08737272,1.209293,0.5335867,INPUT
21.81275,0.06782106,1.228533,0.4942612,0.08613804,1.206903,0.5354515,INPUT
21.847,0.06613921,1.225801,0.49671,0.08444709,1.203778,0.537695,INPUT
21.87886,0.06518419,1.22361,0.498748,0.083489,1.201213,0.5395317,INPUT
21.90884,0.0646423,1.221742,0.5004203,0.08292804,1.199064,0.5410572,INPUT
21.93596,0.06390731,1.22054,0.5013138,0.08212563,1.197708,0.5418946,INPUT
21.96559,0.06249814,1.219681,0.5011622,0.08041467,1.196789,0.5418432,INPUT
21.98808,0.06124513,1.221079,0.4981606,0.07893294,1.198902,0.5393347,INPUT
22.01185,0.06209607,1.225026,0.4929475,0.08003633,1.204128,0.5346773,INPUT
22.03689,0.06368524,1.229829,0.4866939,0.08180894,1.210336,0.5290207,INPUT
22.07308,0.06553467,1.235667,0.4787703,0.08371335,1.217935,0.5218415,INPUT
22.10393,0.06602214,1.24118,0.4702652,0.0838276,1.225082,0.5141265,INPUT
22.13618,0.06482522,1.2469,0.4602566,0.08231862,1.232852,0.5049403,INPUT
22.17512,0.0626606,1.250552,0.4532335,0.08040588,1.238072,0.4982818,INPUT
22.21205,0.05985878,1.253602,0.4473745,0.07747038,1.242194,0.4927584,INPUT
22.2449,0.05850141,1.256457,0.4429027,0.07553901,1.245414,0.4885948,INPUT
22.27995,0.05789046,1.259074,0.4390051,0.07445334,1.248228,0.4849183,INPUT
22.31005,0.05606358,1.260561,0.4355919,0.07208966,1.249739,0.4817011,INPUT
22.36268,0.05318038,1.261283,0.4321078,0.06823304,1.250242,0.4784923,INPUT
22.4117,0.04962073,1.26155,0.4266763,0.06387484,1.250517,0.4733142,INPUT
22.44764,0.04642047,1.260009,0.4237543,0.06035396,1.248685,0.4704191,INPUT
22.51204,0.0420458,1.256048,0.4180939,0.05465746,1.244011,0.4649561,INPUT
22.54341,0.03959605,1.251741,0.412003,0.05138503,1.239466,0.4590176,INPUT
22.56812,0.03589021,1.241595,0.3999997,0.04652862,1.229143,0.4472413,INPUT
22.58978,0.03554609,1.236199,0.3943281,0.04550638,1.223451,0.4416385,INPUT
22.62032,0.03562963,1.231878,0.3903273,0.04506794,1.218825,0.4376616,INPUT
22.6535,0.03524764,1.22516,0.3846989,0.0438301,1.211653,0.4320689,INPUT
22.69199,0.03464313,1.21699,0.3783639,0.04235921,1.202952,0.4257283,INPUT
22.7226,0.03507048,1.208716,0.3711815,0.04212851,1.194294,0.4185333,INPUT
22.7571,0.03483519,1.19911,0.3637919,0.04093317,1.184235,0.4111368,INPUT
22.79001,0.03421657,1.189867,0.3549339,0.03937,1.174489,0.4022307,INPUT
22.82201,0.03335191,1.178942,0.3491555,0.03765156,1.162748,0.3962647,INPUT
22.85516,0.03370965,1.168685,0.3423705,0.03722952,1.152238,0.3894565,INPUT
22.89091,0.03417553,1.158748,0.3365233,0.03703601,1.141895,0.3835106,INPUT
22.92225,0.03356124,1.147374,0.331976,0.03577408,1.129799,0.3787332,INPUT
22.95606,0.03329034,1.136451,0.3283516,0.03539363,1.118317,0.3748995,INPUT
