10.06287,0.0866527,1.059885,0.1082475,0.0678347,1.042011,0.1509837,INPUT
10.09588,0.08288306,1.064103,0.1204966,0.06546633,1.045754,0.163624,INPUT
10.12945,0.07618965,1.067548,0.1309959,0.06168257,1.049235,0.1752021,INPUT
10.16361,0.06780504,1.071118,0.1391804,0.05596542,1.053614,0.1844951,INPUT
10.19599,0.06280105,1.074799,0.1496345,0.05189687,1.057742,0.1953527,INPUT
10.23095,0.06210519,1.079547,0.162239,0.05043279,1.062319,0.207703,INPUT
10.26363,0.06292339,1.084725,0.1763693,0.05006962,1.067153,0.2213805,INPUT
10.30015,0.06290309,1.089466,0.1898277,0.04970485,1.071568,0.23461,INPUT
10.32856,0.06077136,1.09378,0.2027529,0.04770569,1.07548,0.2474118,INPUT
10.3614,0.05728944,1.098365,0.2156628,0.0445683,1.079637,0.2602436,INPUT
10.39409,0.05400726,1.102777,0.2276211,0.04145114,1.08386,0.2721684,INPUT
10.42649,0.04985993,1.107388,0.2396823,0.03700349,1.088228,0.2840401,INPUT
10.46006,0.04418346,1.111545,0.2512071,0.03076046,1.092073,0.2952603,INPUT
10.49428,0.0350606,1.115573,0.2627303,0.02108664,1.095769,0.306463,INPUT
10.53064,0.02374969,1.11983,0.274639,0.009340483,1.099626,0.3180458,INPUT
10.5614,0.01205765,1.124749,0.2871956,-0.003125818,1.104142,0.330147,INPUT
10.59597,-0.0007756203,1.131327,0.299901,-0.0172782,1.110534,0.3422723,INPUT
10.62737,-0.0146651,1.139369,0.3122745,-0.03205661,1.118391,0.3541966,INPUT
10.66242,-0.02778387,1.148307,0.3237585,-0.04563645,1.127403,0.3655235,INPUT
10.68742,-0.04162444,1.158426,0.3338177,-0.0597968,1.138235,0.3757952,INPUT
10.71074,-0.05272494,1.166266,0.3410942,-0.0712743,1.146651,0.3831795,INPUT
10.74,-0.0637442,1.173085,0.3485902,-0.08303411,1.153552,0.3903798,INPUT
10.7741,-0.07415502,1.181065,0.3556808,-0.09349144,1.161926,0.3976304,INPUT
10.79848,-0.08661838,1.193064,0.366244,-0.1056612,1.174864,0.4087425,INPUT
10.82191,-0.09392069,1.200064,0.3735656,-0.1129987,1.182142,0.4161664,INPUT
10.84494,-0.100932,1.206497,0.3810639,-0.1201479,1.188647,0.423633,INPUT
10.86752,-0.1086399,1.212638,0.3877654,-0.1279781,1.195026,0.4303782,INPUT
10.89137,-0.1159543,1.21847,0.3922827,-0.1345444,1.201549,0.435504,INPUT
10.92708,-0.1234522,1.224245,0.3965873,-0.1417196,1.207838,0.4401428,INPUT
10.959,-0.1347522,1.231373,0.4048395,-0.1529585,1.214869,0.4483842,INPUT
10.98505,-0.142165,1.236426,0.4110664,-0.1596403,1.220294,0.455048,INPUT
11.01722,-0.1505386,1.241074,0.4172396,-0.1662657,1.225787,0.4621725,INPUT
11.04294,-0.1560228,1.24572,0.4264684,-0.1705078,1.230485,0.4718347,INPUT
11.06634,-0.1567919,1.249673,0.4350145,-0.1710806,1.234117,0.4803338,INPUT
11.09083,-0.157617,1.253235,0.4407425,-0.1717487,1.237749,0.4861352,INPUT
11.1152,-0.1590493,1.256377,0.4450145,-0.1726362,1.241245,0.4906917,INPUT
11.14966,-0.1598179,1.259651,0.44786,-0.1728546,1.245034,0.4938644,INPUT
11.18838,-0.1600391,1.263392,0.4527152,-0.1731724,1.248713,0.4986722,INPUT
11.22346,-0.159207,1.266684,0.4560463,-0.1728133,1.251947,0.5018469,INPUT
11.25165,-0.1576897,1.271212,0.4590281,-0.1715733,1.256761,0.5048366,INPUT
11.28587,-0.1583074,1.273624,0.4632671,-0.1728944,1.25876,0.5087234,INPUT
11.31744,-0.1579391,1.276691,0.4691093,-0.1727173,1.261575,0.5144207,INPUT
11.35482,-0.1560306,1.279213,0.4752766,-0.170442,1.263994,0.5206716,INPUT
11.39318,-0.1540393,1.281278,0.4856566,-0.168341,1.26537,0.5308492,INPUT
11.42388,-0.1531857,1.282169,0.4953077,-0.1675049,1.265461,0.5402055,INPUT
11.45399,-0.1555896,1.28173,0.5041863,-0.1699492,1.26421,0.5487605,INPUT
11.48673,-0.1585672,1.281685,0.5087709,-0.1728874,1.26362,0.5531397,INPUT
11.48673,-0.1585672,1.281685,0.5087709,-0.1728874,1.26362,0.5531397,TRIGGER
11.5212,-0.1608244,1.281477,0.5114825,-0.1751522,1.263018,0.5556861,INPUT
11.55946,-0.1609608,1.281312,0.5146435,-0.1756122,1.262407,0.558552,INPUT
11.59646,-0.1599021,1.280808,0.5202144,-0.1750161,1.261205,0.5636574,INPUT
11.62741,-0.1617783,1.280849,0.5235047,-0.1764086,1.261146,0.5670683,INPUT
11.66057,-0.1642499,1.281003,0.5258756,-0.1784099,1.261142,0.5695226,INPUT
11.68882,-0.1647972,1.281489,0.5273881,-0.1791521,1.261391,0.5708627,INPUT
11.71677,-0.1650636,1.282425,0.5269,-0.179725,1.262271,0.5702461,INPUT
11.74041,-0.1636404,1.284356,0.5235898,-0.1779972,1.264842,0.5673286,INPUT
11.7714,-0.161439,1.286409,0.5169702,-0.1752791,1.268026,0.5613606,INPUT
11.80894,-0.1600422,1.287823,0.5068449,-0.1737986,1.270617,0.5517304,INPUT
11.83928,-0.1602269,1.288554,0.4933039,-0.1746501,1.272483,0.5384004,INPUT
11.87071,-0.1600045,1.288443,0.4781169,-0.1751654,1.273571,0.5233825,INPUT
11.9045,-0.1592012,1.287057,0.465486,-0.1751098,1.273068,0.5107764,INPUT
11.93976,-0.1590092,1.28443,0.453345,-0.1759861,1.271011,0.4984196,INPUT
11.97392,-0.160269,1.280751,0.4433953,-0.1782207,1.267536,0.488151,INPUT
12.01301,-0.1622416,1.277146,0.4355082,-0.1806521,1.264293,0.4801834,INPUT
12.04392,-0.1638516,1.273506,0.4303853,-0.1825145,1.260694,0.4749672,INPUT
12.07663,-0.1637868,1.270944,0.4267784,-0.1825672,1.258198,0.4713298,INPUT
12.10841,-0.1649722,1.26882,0.4233355,-0.183932,1.256223,0.4678535,INPUT
12.13824,-0.1665847,1.266662,0.4214097,-0.1854088,1.25393,0.4659469,INPUT
12.17182,-0.1655013,1.264652,0.4214651,-0.184133,1.251751,0.4660345,INPUT
12.20818,-0.162893,1.262944,0.4220084,-0.1815048,1.24999,0.4665706,INPUT
12.24386,-0.1640735,1.260941,0.4223718,-0.1829268,1.247721,0.4667538,INPUT
12.27366,-0.1659502,1.259277,0.4238212,-0.1852126,1.245567,0.4678779,INPUT
12.30406,-0.1666187,1.258306,0.4256806,-0.1855783,1.244526,0.4698467,INPUT
12.34066,-0.1675266,1.258019,0.426851,-0.1858993,1.244444,0.4713275,INPUT
12.37349,-0.1678,1.258411,0.4295959,-0.1858136,1.24478,0.4742022,INPUT
12.40702,-0.16783,1.259122,0.4331293,-0.1860716,1.245264,0.4775726,INPUT
12.43765,-0.1674863,1.260112,0.4376858,-0.1855017,1.246053,0.4821582,INPUT
12.47437,-0.1679057,1.261568,0.441487,-0.1855798,1.247498,0.4860926,INPUT
12.50009,-0.1686513,1.26323,0.4464713,-0.186044,1.248944,0.4911188,INPUT
12.52563,-0.1687364,1.264241,0.4518097,-0.1860938,1.249652,0.4963726,INPUT
12.56157,-0.1693344,1.265081,0.4575088,-0.1865543,1.250122,0.5020026,INPUT
12.59157,-0.1706674,1.265839,0.4649205,-0.1875815,1.250368,0.5093564,INPUT
12.6291,-0.1714632,1.26602,0.4710242,-0.1881886,1.250132,0.5153846,INPUT
12.65944,-0.1721178,1.265723,0.4794097,-0.1886079,1.249269,0.5236515,INPUT
12.70307,-0.1721381,1.265658,0.485182,-0.1882667,1.248919,0.5294504,INPUT
12.73589,-0.1735782,1.264838,0.4928189,-0.1888364,1.247983,0.5373511,INPUT
12.7653,-0.1730456,1.265562,0.4977324,-0.1874394,1.248662,0.5425345,INPUT
12.79507,-0.1715796,1.266248,0.5022149,-0.1857687,1.249185,0.5470201,INPUT
12.79507,-0.1715796,1.266248,0.5022149,-0.1857687,1.249185,0.5470201,TRIGGER
12.83025,-0.1706766,1.266872,0.5064316,-0.1851303,1.249425,0.5510038,INPUT
12.86352,-0.1691292,1.268283,0.5091432,-0.1831988,1.250834,0.5538374,INPUT
12.90133,-0.1680157,1.269956,0.5108534,-0.1815089,1.252721,0.555808,INPUT
12.92834,-0.1664132,1.27114,0.5135978,-0.1797533,1.253826,0.5585675,INPUT
12.96187,-0.1649101,1.272076,0.5148715,-0.1784936,1.254647,0.5597237,INPUT
12.98839,-0.1630219,1.273427,0.5122936,-0.1765012,1.256414,0.5573369,INPUT
13.0162,-0.1618641,1.274254,0.5077193,-0.1752932,1.257728,0.5529583,INPUT
13.04492,-0.1620473,1.274541,0.5027377,-0.1757763,1.258444,0.5480411,INPUT
13.07485,-0.1622813,1.274286,0.4957006,-0.176456,1.258636,0.5410231,INPUT
13.1087,-0.1630704,1.273525,0.4870383,-0.1777727,1.258477,0.5323967,INPUT
13.13912,-0.1651132,1.27206,0.4781449,-0.1805238,1.257537,0.5234392,INPUT
13.17478,-0.1681736,1.269905,0.4706057,-0.1847998,1.255364,0.5154623,INPUT
13.20676,-0.1706777,1.267867,0.4644531,-0.1883321,1.253367,0.5089287,INPUT
13.23515,-0.1720414,1.266607,0.4587153,-0.1899625,1.252459,0.5031974,INPUT
13.28159,-0.1733376,1.265479,0.4533809,-0.1912479,1.251757,0.4980007,INPUT
13.32203,-0.1756523,1.263958,0.4457879,-0.1936855,1.25081,0.490531,INPUT
13.35348,-0.1769253,1.262522,0.4422724,-0.1952605,1.249522,0.4869359,INPUT
13.3879,-0.1780177,1.261557,0.4394802,-0.1966432,1.24857,0.4840272,INPUT
13.42041,-0.179144,1.260404,0.4382204,-0.1981655,1.247274,0.4825577,INPUT
13.4519,-0.1814189,1.257416,0.4412978,-0.2007534,1.244061,0.4854319,INPUT
13.48545,-0.1822833,1.256479,0.441022,-0.2016971,1.243105,0.4851156,INPUT
13.52309,-0.1855191,1.252787,0.4449416,-0.2049038,1.239418,0.4890494,INPUT
13.55197,-0.1790012,1.257614,0.4357944,-0.1983143,1.244555,0.4800265,INPUT
13.59679,-0.1790643,1.257172,0.4358173,-0.1981588,1.244126,0.4801478,INPUT
13.62709,-0.1799945,1.256247,0.4367605,-0.199074,1.242951,0.4810231,INPUT
13.65633,-0.180025,1.25577,0.4372427,-0.1991754,1.242357,0.4814397,INPUT
13.68907,-0.1790834,1.254667,0.4385721,-0.1981058,1.24135,0.4828531,INPUT
13.72035,-0.1792512,1.254203,0.4397182,-0.1981092,1.241004,0.4841048,INPUT
13.75021,-0.1799518,1.254217,0.440502,-0.1986354,1.241047,0.4849708,INPUT
13.78103,-0.1805488,1.25398,0.4406839,-0.1990064,1.240958,0.4852905,INPUT
13.81454,-0.1801113,1.253789,0.4413923,-0.1983591,1.240994,0.4861506,INPUT
13.84796,-0.1791342,1.254038,0.4410968,-0.1970236,1.241412,0.4860474,INPUT
13.88155,-0.1794757,1.254007,0.4415132,-0.1968689,1.241615,0.4867229,INPUT
13.9159,-0.1792832,1.254215,0.4410058,-0.1963443,1.242036,0.4863997,INPUT
13.95274,-0.179254,1.254991,0.4419025,-0.1963518,1.242688,0.4872488,INPUT
13.98345,-0.1787023,1.256643,0.4429659,-0.1957752,1.244267,0.4883018,INPUT
14.01724,-0.1795502,1.259025,0.4443358,-0.1965,1.246718,0.4897366,INPUT
14.0517,-0.1797775,1.261979,0.4471029,-0.1964988,1.249679,0.4925904,INPUT
14.07621,-0.1787925,1.265389,0.4511115,-0.1951909,1.253114,0.4967229,INPUT
14.09923,-0.1785499,1.267183,0.4562172,-0.1945682,1.254959,0.5019771,INPUT
14.12356,-0.178314,1.268854,0.4608483,-0.1938714,1.256638,0.5067693,INPUT
14.15024,-0.1782227,1.270673,0.4661779,-0.1933036,1.258337,0.5122256,INPUT
14.18425,-0.1787323,1.271711,0.4722945,-0.1935028,1.259148,0.5183817,INPUT
14.2091,-0.1773727,1.273824,0.4804404,-0.1917979,1.26094,0.5265481,INPUT
14.2317,-0.1755654,1.275464,0.4849184,-0.1892998,1.262838,0.5313074,INPUT
14.25616,-0.1745615,1.277254,0.4885322,-0.1874566,1.265071,0.535279,INPUT
14.27895,-0.1746045,1.278803,0.4915257,-0.1865253,1.266873,0.5385956,INPUT
14.31602,-0.1741284,1.280194,0.4944989,-0.1854362,1.268359,0.5417436,INPUT
14.31602,-0.1741284,1.280194,0.4944989,-0.1854362,1.268359,0.5417436,TRIGGER
14.34317,-0.1717219,1.282151,0.4995773,-0.1830568,1.270017,0.5467396,INPUT
14.37295,-0.17054,1.283333,0.5019854,-0.1819999,1.270951,0.5490528,INPUT
14.39614,-0.1695769,1.284746,0.5026891,-0.1810145,1.272412,0.5497747,INPUT
14.42646,-0.168921,1.286216,0.5020326,-0.1800885,1.274151,0.5492526,INPUT
14.45112,-0.1685487,1.287053,0.5015129,-0.1795659,1.275132,0.5488046,INPUT
14.47562,-0.1684667,1.287017,0.5024599,-0.1797716,1.274802,0.5496085,INPUT
14.50071,-0.1679528,1.286649,0.5039024,-0.1794685,1.27412,0.5509175,INPUT
14.52671,-0.1679647,1.286124,0.5050137,-0.179572,1.273291,0.5519242,INPUT
14.56203,-0.1691385,1.285794,0.5034019,-0.1805815,1.27305,0.550377,INPUT
14.59875,-0.1696661,1.286201,0.4978886,-0.1810594,1.273808,0.5449695,INPUT
14.62815,-0.1674825,1.28731,0.4939468,-0.1796321,1.275007,0.5408619,INPUT
14.65215,-0.1645792,1.288811,0.4898041,-0.1780117,1.276469,0.5363578,INPUT
14.67387,-0.1635204,1.290201,0.4826055,-0.1765576,1.278781,0.5295056,INPUT
14.69555,-0.1628091,1.291853,0.4709109,-0.1748228,1.282479,0.5185323,INPUT
14.71649,-0.1626755,1.29268,0.4575854,-0.1738071,1.285485,0.5057966,INPUT
14.74018,-0.1625539,1.292172,0.4457934,-0.1735616,1.286181,0.4941972,INPUT
14.76456,-0.1611492,1.291184,0.4346278,-0.1734454,1.285682,0.4827789,INPUT
14.79348,-0.1579818,1.289783,0.4234737,-0.1723,1.284621,0.4711007,INPUT
14.82062,-0.1550556,1.287315,0.4132708,-0.1710444,1.282306,0.46038,INPUT
14.85106,-0.1536299,1.283619,0.4025939,-0.1707073,1.278883,0.4493479,INPUT
14.87198,-0.1541759,1.278735,0.3903187,-0.1719511,1.274624,0.4368713,INPUT
14.89362,-0.1549715,1.275044,0.3834527,-0.1730081,1.271157,0.4299238,INPUT
14.91474,-0.1558218,1.271914,0.3787223,-0.1737905,1.268218,0.4252354,INPUT
14.93629,-0.1563455,1.269381,0.3753085,-0.17415,1.2659,0.4219012,INPUT
14.96049,-0.1562694,1.267391,0.3741832,-0.1741139,1.263804,0.4207526,INPUT
14.98531,-0.1552782,1.265942,0.3748676,-0.1730933,1.262057,0.4214243,INPUT
15.01638,-0.1523539,1.265367,0.3771593,-0.1697082,1.261405,0.4238833,INPUT
15.03747,-0.1482068,1.265269,0.37996,-0.1642929,1.261727,0.427169,INPUT
15.07038,-0.1441408,1.265433,0.3824291,-0.1587963,1.262482,0.4301419,INPUT
15.09605,-0.1380379,1.266277,0.3864655,-0.1514102,1.263605,0.43457,INPUT
15.11841,-0.1317575,1.266569,0.3915858,-0.14469,1.263615,0.439794,INPUT
15.14305,-0.1257186,1.267444,0.3961444,-0.1382098,1.264153,0.444447,INPUT
15.16708,-0.1189713,1.268053,0.3996268,-0.1306875,1.264754,0.4481227,INPUT
15.1905,-0.1120739,1.268706,0.4022948,-0.1230526,1.265563,0.4509732,INPUT
15.22184,-0.1056528,1.269056,0.4046835,-0.1158823,1.265924,0.4535256,INPUT
15.24957,-0.0975066,1.269503,0.4080137,-0.1070347,1.266124,0.456981,INPUT
15.274,-0.08808587,1.269903,0.4122969,-0.09711064,1.266085,0.4613272,INPUT
15.29899,-0.08228342,1.270226,0.4148705,-0.0909849,1.266208,0.4639433,INPUT
15.32024,-0.07677861,1.270715,0.4175226,-0.08499874,1.266548,0.4666659,INPUT
15.33995,-0.07201444,1.271047,0.419726,-0.0797345,1.266727,0.4689372,INPUT
15.35996,-0.06783746,1.271534,0.4218996,-0.075155,1.267101,0.4711621,INPUT
15.37998,-0.0637816,1.272068,0.4239469,-0.07066722,1.267587,0.4732674,INPUT
15.40288,-0.06039672,1.272524,0.4258971,-0.06690711,1.268029,0.4752673,INPUT
15.42935,-0.05792807,1.272957,0.4278006,-0.06399765,1.268444,0.4772252,INPUT
15.45041,-0.05669068,1.273233,0.4294786,-0.06240596,1.268686,0.4789423,INPUT
15.47247,-0.05534999,1.273627,0.4315803,-0.0609179,1.268898,0.4810438,INPUT
15.4934,-0.05323197,1.274115,0.4333722,-0.05890194,1.269132,0.4827991,INPUT
15.52406,-0.05103143,1.274567,0.4356533,-0.05709115,1.26919,0.4849925,INPUT
15.55766,-0.04864243,1.275043,0.4388165,-0.05518592,1.269118,0.4880311,INPUT
15.58424,-0.04792386,1.275243,0.4411381,-0.0546044,1.269046,0.4903008,INPUT
15.60855,-0.04844244,1.275296,0.4424674,-0.05519208,1.268959,0.4916028,INPUT
15.6399,-0.0484537,1.275474,0.4443044,-0.0552757,1.268915,0.4934007,INPUT
15.66744,-0.04745868,1.275746,0.446943,-0.05443591,1.268877,0.4959749,INPUT
15.69483,-0.04662906,1.276094,0.4512226,-0.05420743,1.268648,0.5000808,INPUT
15.71594,-0.04639925,1.276311,0.4569678,-0.05506081,1.267918,0.5054914,INPUT
15.73884,-0.04603763,1.276339,0.4633687,-0.05588721,1.266926,0.5114767,INPUT
15.76432,-0.04551454,1.276083,0.4713467,-0.05627726,1.265586,0.519033,INPUT
15.7895,-0.04549111,1.275342,0.4799845,-0.05652024,1.263866,0.5273837,INPUT
15.81265,-0.04664923,1.274285,0.4888334,-0.05708361,1.262085,0.5361862,INPUT
15.83877,-0.0483961,1.273196,0.4965164,-0.05847773,1.260367,0.5437791,INPUT
15.87109,-0.04939154,1.271506,0.5054567,-0.06004312,1.257468,0.5522484,INPUT
15.89591,-0.04780078,1.269604,0.5168878,-0.05929105,1.254036,0.5629924,INPUT
15.89591,-0.04780078,1.269604,0.5168878,-0.05929105,1.254036,0.5629924,TRIGGER
15.921,-0.04717617,1.268994,0.5212649,-0.05852025,1.253124,0.5673025,INPUT
15.94792,-0.04857032,1.269112,0.5222916,-0.05926691,1.253451,0.5685552,INPUT
15.9763,-0.05040522,1.268979,0.5236713,-0.06074729,1.253396,0.5700418,INPUT
16.00545,-0.0513586,1.26797,0.5273728,-0.06171062,1.251954,0.573593,INPUT
16.02837,-0.04963841,1.267296,0.5296905,-0.06027218,1.250817,0.5756836,INPUT
16.0547,-0.04753967,1.267921,0.5274549,-0.05804616,1.251737,0.5735821,INPUT
16.08167,-0.04664324,1.269585,0.5215898,-0.05671124,1.254268,0.5681089,INPUT
16.10677,-0.047506,1.271863,0.5133327,-0.05721314,1.257593,0.5602597,INPUT
16.13718,-0.04830121,1.273908,0.5060104,-0.05792221,1.260433,0.5531892,INPUT
16.16186,-0.04638065,1.275373,0.4985791,-0.05638306,1.262447,0.5458323,INPUT
16.18457,-0.04423396,1.27596,0.4929992,-0.0547208,1.263399,0.5402459,INPUT
16.20697,-0.04237048,1.276343,0.4872763,-0.0531836,1.264176,0.5345526,INPUT
16.22845,-0.04197195,1.276509,0.4817272,-0.05285886,1.264777,0.5290964,INPUT
16.25497,-0.04200171,1.276431,0.4762316,-0.05292372,1.26518,0.5237094,INPUT
16.27815,-0.0427594,1.275924,0.4713804,-0.05369549,1.265026,0.518937,INPUT
16.30149,-0.04377553,1.27523,0.4672465,-0.05478956,1.264512,0.5148262,INPUT
16.32619,-0.04441646,1.274414,0.4645139,-0.05556195,1.263765,0.5120782,INPUT
16.36038,-0.04451825,1.273696,0.4622646,-0.05587065,1.263049,0.5097806,INPUT
16.38846,-0.04357404,1.272559,0.4597569,-0.05527689,1.261828,0.5071688,INPUT
16.41854,-0.04324213,1.271568,0.4578413,-0.05498607,1.260905,0.5052583,INPUT
16.45028,-0.04353607,1.269907,0.4553826,-0.05510362,1.259296,0.5028545,INPUT
16.48178,-0.04495558,1.267413,0.451327,-0.05670985,1.256727,0.4987362,INPUT
16.50789,-0.0454226,1.265541,0.4478979,-0.05744981,1.254765,0.4952183,INPUT
16.53927,-0.04578111,1.263747,0.4434306,-0.05803762,1.253083,0.4907176,INPUT
16.56668,-0.04744601,1.262286,0.4393935,-0.06002193,1.251639,0.4866003,INPUT
16.59824,-0.04855239,1.261673,0.4365855,-0.06135105,1.251058,0.4837396,INPUT
16.63091,-0.04853569,1.261764,0.4339318,-0.06156111,1.251264,0.4810495,INPUT
16.65667,-0.04785578,1.262787,0.43228,-0.0610736,1.25247,0.4793847,INPUT
16.68387,-0.04803605,1.263739,0.4315753,-0.06119459,1.253585,0.4787318,INPUT
16.71806,-0.04846722,1.26449,0.431406,-0.06152873,1.254461,0.4786162,INPUT
16.74613,-0.04886763,1.26563,0.4325684,-0.06192528,1.255634,0.4797869,INPUT
16.77236,-0.04913275,1.2663,0.4340655,-0.0621332,1.256232,0.4812844,INPUT
16.80371,-0.04966208,1.267001,0.43577,-0.06252846,1.256867,0.4830115,INPUT
16.82409,-0.04969704,1.268264,0.4377014,-0.06236903,1.258152,0.4850003,INPUT
16.84717,-0.04942229,1.268874,0.4394449,-0.06192283,1.258722,0.4867806,INPUT
16.86971,-0.04940875,1.2694,0.4418726,-0.06170136,1.259169,0.4892456,INPUT
16.89514,-0.04969046,1.27001,0.4442423,-0.06183935,1.259662,0.4916273,INPUT
16.91627,-0.05012484,1.270721,0.4469748,-0.06222437,1.260167,0.4943268,INPUT
16.94135,-0.04981191,1.271906,0.4503264,-0.06189944,1.261106,0.497626,INPUT
16.97011,-0.04866041,1.273085,0.4546876,-0.06075254,1.261986,0.5019169,INPUT
17.00507,-0.04796633,1.274622,0.4601612,-0.05996689,1.263141,0.5073225,INPUT
17.03262,-0.04784207,1.276801,0.4664065,-0.05964807,1.265035,0.5135467,INPUT
17.06444,-0.04783569,1.278406,0.4718446,-0.05941713,1.266371,0.5189724,INPUT
17.09678,-0.04870595,1.27963,0.4781909,-0.05982967,1.267226,0.5253332,INPUT
17.12298,-0.05238597,1.280009,0.4868537,-0.06282393,1.267008,0.533992,INPUT
17.14696,-0.05550931,1.279598,0.4943862,-0.06531371,1.266051,0.5415069,INPUT
17.18624,-0.0559233,1.278835,0.5034384,-0.06499153,1.264652,0.5505194,INPUT
17.22136,-0.05317031,1.277297,0.5163932,-0.06167569,1.262068,0.563252,INPUT
17.22136,-0.05317031,1.277297,0.5163932,-0.06167569,1.262068,0.563252,TRIGGER
17.25205,-0.05358247,1.275777,0.5257577,-0.06208624,1.259605,0.5722995,INPUT
17.28195,-0.05528565,1.274642,0.5316786,-0.06381461,1.257808,0.5779805,INPUT
17.3197,-0.0547833,1.274117,0.5357068,-0.06323387,1.256764,0.5818313,INPUT
17.35699,-0.05373149,1.274358,0.5355615,-0.0621115,1.257064,0.5817208,INPUT
17.38924,-0.05354388,1.274781,0.5317107,-0.06183907,1.257804,0.5780027,INPUT
17.42044,-0.05267702,1.276019,0.5231706,-0.06081748,1.260022,0.5698377,INPUT
17.44958,-0.05155651,1.276927,0.5137016,-0.05961315,1.261908,0.5607071,INPUT
17.47343,-0.05073632,1.277226,0.5031124,-0.05899155,1.263074,0.5503522,INPUT
17.49996,-0.05013694,1.277097,0.495901,-0.05869437,1.263492,0.5432473,INPUT
17.52469,-0.04950033,1.276564,0.4882165,-0.05839516,1.263481,0.5356479,INPUT
17.56223,-0.04934633,1.275836,0.4819869,-0.05846284,1.263148,0.5294834,INPUT
17.59502,-0.04907607,1.274737,0.4754546,-0.05829964,1.262439,0.5230328,INPUT
17.62559,-0.04821217,1.273342,0.4696101,-0.05754855,1.261388,0.5172539,INPUT
17.65447,-0.04764649,1.27192,0.4644291,-0.05731134,1.260196,0.5120645,INPUT
17.68419,-0.04706211,1.270716,0.460968,-0.0571078,1.259032,0.5085343,INPUT
17.7216,-0.04674795,1.26957,0.4578283,-0.05709732,1.257985,0.5053539,INPUT
17.76904,-0.04656126,1.268072,0.454086,-0.05708776,1.256666,0.5016159,INPUT
17.81413,-0.0472479,1.265711,0.4497253,-0.05821687,1.25441,0.4971801,INPUT
17.8518,-0.04897131,1.263637,0.4471303,-0.06052182,1.252195,0.494413,INPUT
17.88188,-0.0505576,1.262127,0.445879,-0.06230157,1.25068,0.4931129,INPUT
17.90934,-0.05030285,1.261648,0.4463877,-0.0620386,1.250135,0.4936077,INPUT
17.93892,-0.04978232,1.26127,0.4475079,-0.06160065,1.249635,0.4946774,INPUT
17.97078,-0.04998212,1.26109,0.4487785,-0.06181081,1.249354,0.4959202,INPUT
18.00969,-0.05024527,1.261079,0.4495742,-0.06193159,1.249373,0.4967589,INPUT
18.03732,-0.04944447,1.261448,0.4503113,-0.06103142,1.249807,0.4975367,INPUT
18.07087,-0.0484674,1.261887,0.4511329,-0.06008561,1.250218,0.4983436,INPUT
18.10341,-0.04827146,1.262163,0.4517023,-0.0598751,1.250494,0.4989167,INPUT
18.13536,-0.04789133,1.262577,0.4521609,-0.05946337,1.250947,0.4993926,INPUT
18.17106,-0.04760358,1.262921,0.4533622,-0.05908306,1.251292,0.5006166,INPUT
18.20382,-0.04778504,1.263386,0.4548878,-0.05917598,1.251711,0.5021523,INPUT
18.24359,-0.04854332,1.263771,0.4570105,-0.05969765,1.251992,0.5043057,INPUT
18.27239,-0.04963903,1.264486,0.4591395,-0.06065007,1.252625,0.5064477,INPUT
18.30428,-0.05058683,1.265428,0.4625474,-0.06177131,1.253213,0.5097247,INPUT
18.3375,-0.05100076,1.266745,0.4671625,-0.06236644,1.254155,0.5141978,INPUT
18.37424,-0.05113007,1.268683,0.4717664,-0.06233858,1.255924,0.5187938,INPUT
18.40574,-0.05190928,1.270796,0.4765754,-0.06254849,1.258032,0.5237337,INPUT
18.43999,-0.05233358,1.27264,0.4815837,-0.06236961,1.259905,0.5288818,INPUT
18.46955,-0.05288316,1.273445,0.4890299,-0.06251212,1.260335,0.53631,INPUT
18.50443,-0.05323131,1.273503,0.4967062,-0.06242532,1.259846,0.5439181,INPUT
18.53983,-0.05364625,1.27349,0.5030963,-0.06238776,1.259502,0.5502973,INPUT
18.56567,-0.05474521,1.273173,0.5093408,-0.0633828,1.258681,0.5564083,INPUT
18.56567,-0.05474521,1.273173,0.5093408,-0.0633828,1.258681,0.5564083,TRIGGER
18.59093,-0.05499892,1.272958,0.5142261,-0.06367321,1.258056,0.5611588,INPUT
18.62485,-0.05512278,1.272523,0.519317,-0.06382221,1.257199,0.5661092,INPUT
18.65272,-0.05605282,1.271374,0.5263447,-0.06473047,1.255353,0.5729065,INPUT
18.67713,-0.05646996,1.270698,0.5302821,-0.06508745,1.25425,0.5767064,INPUT
18.7011,-0.05626662,1.270676,0.5327907,-0.06496792,1.254063,0.5791403,INPUT
18.72574,-0.05632542,1.270848,0.5344549,-0.06531008,1.254063,0.5806886,INPUT
18.74917,-0.05650507,1.270934,0.5361009,-0.06575106,1.253809,0.5821582,INPUT
18.78253,-0.05624549,1.271634,0.5351516,-0.06555867,1.254441,0.5811696,INPUT
18.80878,-0.05472176,1.274138,0.5281456,-0.06399333,1.25785,0.5744998,INPUT
18.83313,-0.05352391,1.276567,0.5197327,-0.06260853,1.261285,0.5664654,INPUT
18.86609,-0.05257232,1.278846,0.5097768,-0.06160786,1.264637,0.5568562,INPUT
18.89678,-0.0514534,1.281026,0.496888,-0.06064485,1.268127,0.5443133,INPUT
18.92552,-0.0490043,1.282524,0.4818439,-0.05853339,1.271027,0.5295621,INPUT
18.96182,-0.04644732,1.283067,0.4699305,-0.0565335,1.272486,0.5177461,INPUT
18.99338,-0.04342794,1.282965,0.4565957,-0.05446882,1.273183,0.5043702,INPUT
19.03144,-0.04101245,1.282472,0.4474216,-0.05273189,1.273194,0.4951351,INPUT
19.06077,-0.03773043,1.281577,0.4391211,-0.04978353,1.272825,0.4868508,INPUT
19.09418,-0.03498086,1.280603,0.4344127,-0.04709265,1.272111,0.4821745,INPUT
19.12205,-0.0316738,1.279196,0.4308639,-0.04383701,1.270853,0.4786388,INPUT
19.1485,-0.02794747,1.277561,0.4292547,-0.04000962,1.269143,0.4770421,INPUT
19.18529,-0.02400051,1.276454,0.4288837,-0.0358117,1.26807,0.4767397,INPUT
19.21368,-0.01740007,1.274805,0.4293614,-0.02877668,1.266363,0.4773125,INPUT
19.23638,-0.01159613,1.273819,0.4308867,-0.02251584,1.265227,0.4789173,INPUT
19.2701,-0.005314812,1.273117,0.4330288,-0.01562286,1.264459,0.4811825,INPUT
19.29563,0.003496483,1.272768,0.4359367,-0.005725185,1.264114,0.484311,INPUT
19.3173,0.009264976,1.272743,0.4379216,0.0007465333,1.264102,0.4864268,INPUT
19.33837,0.01540621,1.273157,0.4397198,0.007455325,1.264459,0.4883113,INPUT
19.35961,0.02060688,1.273668,0.4416961,0.01313876,1.26484,0.4903407,INPUT
19.38049,0.02557451,1.274323,0.4434673,0.01860626,1.265427,0.4921737,INPUT
19.402,0.03052486,1.275279,0.4449744,0.02403658,1.266381,0.4937464,INPUT
19.42589,0.03500329,1.27631,0.4464813,0.02892227,1.267406,0.4953049,INPUT
19.45055,0.03932445,1.277481,0.4478404,0.0334992,1.268585,0.4966966,INPUT
19.47409,0.04340042,1.278612,0.4491226,0.03778916,1.269693,0.4979996,INPUT
19.5066,0.04675649,1.27957,0.4501117,0.04137509,1.270636,0.4990119,INPUT
19.53507,0.05003533,1.280447,0.4509521,0.04496731,1.271562,0.4998946,INPUT
19.5623,0.05382644,1.281003,0.4521755,0.04922234,1.272196,0.5011778,INPUT
19.58848,0.05764663,1.281344,0.4531505,0.05326961,1.272515,0.5021698,INPUT
19.6172,0.06060192,1.281389,0.4541604,0.05637782,1.27248,0.5031786,INPUT
19.64765,0.06359993,1.281165,0.4556121,0.05952681,1.272132,0.5046205,INPUT
19.66927,0.06628464,1.280794,0.4572484,0.06235954,1.271589,0.5062368,INPUT
19.69103,0.06826593,1.280641,0.4580994,0.06454582,1.271363,0.50709,INPUT
19.72044,0.07034077,1.280632,0.4586776,0.06685876,1.271387,0.507692,INPUT
19.74373,0.07205231,1.280491,0.4595921,0.06878522,1.271223,0.508617,INPUT
19.76525,0.07234031,1.280107,0.4611841,0.06907891,1.270683,0.5101795,INPUT
19.78542,0.07191159,1.279915,0.4624281,0.06864238,1.270392,0.5114037,INPUT
19.80791,0.0717535,1.279995,0.4635661,0.06853102,1.270421,0.512535,INPUT
19.82916,0.07163899,1.280223,0.465338,0.06846206,1.270596,0.5142994,INPUT
19.85014,0.0710832,1.280424,0.4681505,0.06791168,1.270651,0.5170835,INPUT
19.87238,0.07021502,1.280528,0.4716709,0.06705245,1.270548,0.5205626,INPUT
19.89417,0.06926402,1.280526,0.4763143,0.06611925,1.270228,0.5251412,INPUT
19.92106,0.06851014,1.280166,0.482218,0.06539565,1.269337,0.5309318,INPUT
19.94271,0.06849861,1.27989,0.4886491,0.06550825,1.268577,0.5372604,INPUT
19.96914,0.06947647,1.279783,0.4952503,0.0665607,1.268035,0.5437631,INPUT
20.01359,0.07021107,1.27945,0.5021126,0.06745266,1.267209,0.5505124,INPUT
20.01359,0.07021107,1.27945,0.5021126,0.06745266,1.267209,0.5505124,TRIGGER
20.04472,0.06983453,1.278748,0.5111283,0.06755289,1.265888,0.5593925,INPUT
20.08576,0.06889074,1.278151,0.5174506,0.06705648,1.264906,0.5656293,INPUT
20.12009,0.06881166,1.277022,0.5256508,0.06731349,1.263168,0.5736696,INPUT
20.15423,0.06863265,1.276269,0.5304644,0.06707972,1.262014,0.578364,INPUT
20.1861,0.06847341,1.275762,0.5336427,0.06700233,1.261235,0.5814632,INPUT
20.21038,0.06885554,1.275738,0.5341076,0.06771637,1.261239,0.5819455,INPUT
20.23511,0.07010996,1.276063,0.5323365,0.06910187,1.261752,0.5802341,INPUT
20.27261,0.07130693,1.276394,0.5292001,0.07027054,1.26237,0.5771821,INPUT
20.3,0.07208934,1.276773,0.5221417,0.07108983,1.263366,0.5703001,INPUT
20.32349,0.07234006,1.276931,0.5157072,0.07149748,1.264117,0.5640299,INPUT
20.35103,0.07241027,1.276884,0.5096774,0.07173879,1.26462,0.5581454,INPUT
20.38024,0.07233067,1.276615,0.5037913,0.0718237,1.264843,0.5523832,INPUT
20.40251,0.0719512,1.275911,0.4962305,0.0715053,1.264705,0.5449566,INPUT
20.4245,0.07162075,1.275423,0.4916171,0.07105151,1.264509,0.540408,INPUT
20.44719,0.07122484,1.274844,0.4873687,0.07040159,1.264155,0.5362059,INPUT
20.47009,0.0710448,1.273948,0.483462,0.06994037,1.263384,0.5323206,INPUT
20.49072,0.07119207,1.273013,0.4795625,0.0697828,1.262567,0.5284387,INPUT
20.51502,0.07137282,1.271911,0.4760596,0.06980032,1.261609,0.5249615,INPUT
20.5452,0.0715432,1.27043,0.472172,0.06996553,1.260268,0.5211031,INPUT
20.58241,0.0712343,1.268317,0.4673884,0.06958842,1.258368,0.5163609,INPUT
20.61577,0.07026899,1.266246,0.4627019,0.06853514,1.256446,0.5117014,INPUT
20.6546,0.06959964,1.264704,0.45869,0.06760459,1.255033,0.5077052,INPUT
20.68256,0.06876449,1.263735,0.4556808,0.06636239,1.254104,0.5046856,INPUT
20.71354,0.06820349,1.263867,0.4535381,0.06567059,1.254437,0.5025754,INPUT
20.73573,0.06798543,1.264529,0.451844,0.06539597,1.255315,0.5009195,INPUT
20.75816,0.06791253,1.265166,0.451052,0.06521502,1.256079,0.5001453,INPUT
20.78418,0.06789522,1.265908,0.4503575,0.0650972,1.256959,0.4994706,INPUT
20.80567,0.06788026,1.266679,0.4497985,0.06495159,1.257906,0.4989356,INPUT
20.8265,0.06795774,1.267337,0.4496953,0.06499388,1.258655,0.4988466,INPUT
20.84864,0.0682648,1.267901,0.4497598,0.06530946,1.259289,0.4989237,INPUT
20.86966,0.06862147,1.268409,0.4499876,0.06567124,1.259876,0.4991657,INPUT
20.89185,0.06897497,1.268772,0.4507135,0.06608807,1.260255,0.499898,INPUT
20.91407,0.06922029,1.269095,0.4515806,0.06637771,1.260568,0.500766,INPUT
20.93542,0.06922033,1.269158,0.4532865,0.06637178,1.26053,0.5024539,INPUT
20.96085,0.06936292,1.269124,0.4550573,0.06655016,1.260386,0.5042074,INPUT
20.98694,0.06957202,1.268952,0.4574437,0.06684577,1.260049,0.506569,INPUT
21.01097,0.06953658,1.268879,0.4603056,0.06679288,1.259748,0.5093882,INPUT
21.03305,0.06970195,1.268753,0.4636536,0.06690053,1.259382,0.5126876,INPUT
21.05606,0.07036243,1.268486,0.4667556,0.06747197,1.258869,0.5157369,INPUT
21.08094,0.07102914,1.268127,0.4707734,0.06797945,1.258104,0.5196635,INPUT
21.11499,0.07152086,1.267728,0.4751489,0.06826673,1.257213,0.5239224,INPUT
21.13903,0.07222229,1.26734,0.4807788,0.06881694,1.256387,0.5294452,INPUT
21.16092,0.07253833,1.267367,0.4847046,0.06907969,1.256112,0.5332985,INPUT
21.18636,0.07280722,1.267401,0.4888696,0.0692008,1.255775,0.5373653,INPUT
21.2114,0.07405891,1.267597,0.4930457,0.07015713,1.25551,0.5414055,INPUT
21.23775,0.07588257,1.267955,0.4981252,0.07148838,1.255357,0.546312,INPUT
21.23775,0.07588257,1.267955,0.4981252,0.07148838,1.255357,0.546312,TRIGGER
21.27206,0.07694452,1.268444,0.5028026,0.07210819,1.255388,0.5508248,INPUT
21.29564,0.0773922,1.2693,0.5089877,0.07214099,1.255734,0.5568249,INPUT
21.32205,0.07799006,1.269855,0.513311,0.07270692,1.25593,0.5610411,INPUT
21.34609,0.07894361,1.270356,0.5173305,0.07390117,1.256163,0.5650079,INPUT
21.37071,0.07945193,1.270707,0.5203578,0.07476812,1.256436,0.5680485,INPUT
21.41014,0.07948565,1.270735,0.5236092,0.07515673,1.256292,0.5712815,INPUT
21.43737,0.07951115,1.270677,0.5271356,0.07525507,1.256007,0.574745,INPUT
21.45982,0.08047196,1.270519,0.5298769,0.07602411,1.255601,0.5773922,INPUT
21.49406,0.08153996,1.270102,0.5320907,0.07685553,1.254857,0.579479,INPUT
21.51895,0.08279264,1.269801,0.5326304,0.07786,1.25427,0.5799006,INPUT
21.54386,0.08467893,1.27055,0.5292035,0.07965876,1.255218,0.576529,INPUT
21.56855,0.08695164,1.272092,0.523173,0.08172648,1.257294,0.5706464,INPUT
21.6077,0.08918631,1.274491,0.5142379,0.08376004,1.26052,0.5619384,INPUT
21.63317,0.09150964,1.277617,0.5011182,0.08591586,1.26484,0.5491333,INPUT
21.65412,0.09295458,1.279412,0.4909636,0.08742275,1.267592,0.5392303,INPUT
21.67478,0.09395829,1.280374,0.4825923,0.08862007,1.269313,0.5310605,INPUT
21.6962,0.09451622,1.280705,0.4761687,0.08929092,1.270154,0.5247626,INPUT
21.71715,0.09500406,1.28058,0.4705837,0.08988659,1.270487,0.5192864,INPUT
21.73996,0.09562461,1.280222,0.4652825,0.09058995,1.270457,0.5140604,INPUT
21.76338,0.09601174,1.279453,0.4609333,0.09103075,1.269922,0.509763,INPUT
21.78435,0.09616263,1.278662,0.4569531,0.09118123,1.269314,0.5058181,INPUT
21.80516,0.09623812,1.277562,0.4539272,0.09127268,1.268323,0.5028147,INPUT
21.82669,0.09632874,1.276463,0.4514845,0.09139398,1.26727,0.5003839,INPUT
21.85278,0.09625226,1.275441,0.4492533,0.0913621,1.266324,0.4981713,INPUT
21.87865,0.09597194,1.274238,0.4472323,0.09114064,1.265196,0.4961701,INPUT
21.90282,0.09557886,1.273094,0.4455501,0.09081473,1.264075,0.4944987,INPUT
21.92459,0.09505047,1.272117,0.4441514,0.09031107,1.263109,0.4931043,INPUT
21.9593,0.09476588,1.271262,0.4435843,0.08992225,1.262243,0.492525,INPUT
21.98124,0.09489851,1.27071,0.4434358,0.08992965,1.261629,0.4923525,INPUT
22.00462,0.0946538,1.270386,0.4436814,0.08960907,1.261292,0.4925881,INPUT
22.02608,0.09442368,1.270359,0.4439085,0.08939005,1.261222,0.492808,INPUT
22.0471,0.09402793,1.270266,0.4444506,0.08901465,1.261139,0.4933542,INPUT
22.07271,0.0938046,1.270422,0.4447506,0.08882982,1.261273,0.4936541,INPUT
22.095,0.09336008,1.270659,0.4454245,0.08842099,1.261517,0.4943329,INPUT
22.11594,0.09322406,1.271052,0.4462267,0.08826476,1.261883,0.4951281,INPUT
22.1382,0.09319295,1.271367,0.4472267,0.08823186,1.262148,0.4961183,INPUT
22.17344,0.09314181,1.271714,0.4483819,0.08823159,1.262473,0.4972744,INPUT
22.20457,0.09288844,1.272406,0.4504943,0.08812546,1.263106,0.4993904,INPUT
22.22928,0.09272799,1.273149,0.4531454,0.08802994,1.263764,0.5020315,INPUT
22.25144,0.09280376,1.273761,0.4557698,0.08815023,1.264267,0.504639,INPUT
22.27749,0.0926165,1.274253,0.4591908,0.08799321,1.264543,0.5080207,INPUT
22.29797,0.09239204,1.274767,0.4628171,0.08781717,1.264868,0.5116132,INPUT
22.32109,0.09213743,1.275403,0.4669848,0.08760973,1.265271,0.5157375,INPUT
22.34558,0.09189707,1.275978,0.4713161,0.08737917,1.26557,0.5200118,INPUT
22.36671,0.09192854,1.27639,0.4768358,0.08739153,1.265625,0.5254521,INPUT
22.38793,0.09220034,1.276475,0.4828199,0.0876679,1.265253,0.5313329,INPUT
22.40958,0.09258284,1.276317,0.489194,0.08810476,1.264554,0.5375838,INPUT
22.43341,0.09291374,1.276137,0.495069,0.08856568,1.263958,0.5433679,INPUT
22.45844,0.0929832,1.275965,0.5015064,0.08886156,1.263395,0.5497249,INPUT
22.45844,0.0929832,1.275965,0.5015064,0.08886156,1.263395,0.5497249,TRIGGER
22.49448,0.09195226,1.275343,0.5085051,0.08809458,1.26226,0.5566087,INPUT
22.51775,0.09073782,1.274232,0.5186715,0.08749924,1.260405,0.5666125,INPUT
22.54569,0.09200123,1.27376,0.5257034,0.08927435,1.259502,0.5735497,INPUT
22.57468,0.09318419,1.273629,0.532017,0.0908486,1.259021,0.5797785,INPUT
22.60783,0.09304971,1.27372,0.5383525,0.09112265,1.2588,0.5860358,INPUT
22.63467,0.09202611,1.274047,0.5445859,0.09058599,1.258753,0.5921677,INPUT
22.65786,0.09260002,1.274315,0.5483329,0.0914262,1.258796,0.5958488,INPUT
22.69559,0.09409904,1.27495,0.5495939,0.09306104,1.259389,0.5970992,INPUT
22.73271,0.09603418,1.276436,0.5467428,0.09518249,1.261257,0.5943754,INPUT
22.76461,0.09652163,1.278158,0.5400967,0.09581359,1.263667,0.5879455,INPUT
22.78936,0.09646017,1.280019,0.5291144,0.09594836,1.266629,0.5772854,INPUT
22.81327,0.09641171,1.280892,0.5197906,0.09611833,1.268396,0.5682032,INPUT
22.84952,0.09582777,1.281136,0.5108265,0.09565388,1.269418,0.5594335,INPUT
22.84952,0.09582777,1.281136,0.5108265,0.09565388,1.269418,0.5594335,TRIGGER
22.87763,0.0942095,1.280855,0.4980357,0.09405338,1.270153,0.5468767,INPUT
22.9031,0.09299109,1.280364,0.4896198,0.0926977,1.27025,0.5385853,INPUT
22.92964,0.09194359,1.2796,0.4803628,0.0914207,1.270031,0.5294359,INPUT
22.96135,0.09164953,1.278966,0.4715958,0.09088679,1.269934,0.5207673,INPUT
22.9853,0.09241559,1.278105,0.4606886,0.09130055,1.269629,0.5099522,INPUT
23.00996,0.09318872,1.277098,0.4533687,0.09185959,1.268969,0.5026854,INPUT
23.03406,0.09327057,1.276339,0.4459603,0.09179281,1.268683,0.4953485,INPUT
23.05897,0.09253047,1.275775,0.4389298,0.09090491,1.268532,0.4883757,INPUT
23.08084,0.09087304,1.275067,0.4318061,0.0890168,1.268195,0.4812968,INPUT
23.11538,0.08957673,1.274419,0.4244442,0.08751284,1.267989,0.4739861,INPUT
23.14169,0.08870697,1.273491,0.4155998,0.08636332,1.267512,0.4651856,INPUT
23.16317,0.0883591,1.272745,0.4099827,0.08586143,1.26704,0.4595933,INPUT
23.18715,0.08794304,1.271661,0.4046298,0.08530994,1.266163,0.4542567,INPUT
23.21736,0.0878401,1.27061,0.3996267,0.08510412,1.265301,0.4492687,INPUT
23.24987,0.0878535,1.268901,0.3921996,0.08500747,1.263988,0.4418763,INPUT
23.28168,0.08801435,1.266477,0.3834368,0.08506947,1.261858,0.4331358,INPUT
23.31433,0.08745551,1.263528,0.3761057,0.08435946,1.259145,0.4258168,INPUT
23.34703,0.08684313,1.259969,0.3691358,0.08362564,1.255728,0.4188516,INPUT
23.38297,0.08650247,1.256075,0.3626668,0.08297351,1.251805,0.4123589,INPUT
23.41397,0.08566026,1.252001,0.3574625,0.08170997,1.247537,0.4071058,INPUT
23.44644,0.08378335,1.247755,0.3531375,0.07940799,1.243041,0.4027221,INPUT
23.47964,0.08144237,1.244031,0.3499627,0.07671316,1.238976,0.3994812,INPUT
23.51315,0.08020058,1.240983,0.3476861,0.07513053,1.235586,0.3971347,INPUT
23.54641,0.081231,1.238667,0.3465266,0.07601484,1.233079,0.3959388,INPUT
23.5826,0.08096921,1.236486,0.3458094,0.07561782,1.230763,0.3951916,INPUT
23.61777,0.07848635,1.234242,0.3454118,0.07298432,1.228347,0.3947574,INPUT
23.64694,0.07678693,1.232258,0.3451605,0.07126957,1.226268,0.3944928,INPUT
23.67978,0.07558599,1.230045,0.3452275,0.06998789,1.223867,0.3945276,INPUT
23.71329,0.07469599,1.22731,0.3452244,0.06886529,1.220918,0.3944701,INPUT
23.74601,0.07417755,1.223484,0.3459544,0.06814392,1.216657,0.3951172,INPUT
23.77944,0.0731996,1.217801,0.3475629,0.06704377,1.210292,0.396611,INPUT
23.81535,0.07151894,1.209757,0.3494012,0.06533472,1.201179,0.3982701,INPUT
23.85287,0.06801826,1.197238,0.3546241,0.06191732,1.186951,0.4031726,INPUT
23.8827,0.0612448,1.178941,0.3622405,0.05497963,1.16616,0.4101716,INPUT
23.91526,0.05020969,1.156028,0.3726737,0.04313806,1.139672,0.4193904,INPUT
23.94748,0.04078329,1.130131,0.3835362,0.03274707,1.109901,0.4285493,INPUT
23.97261,0.03421758,1.101571,0.3943004,0.02511181,1.077369,0.4370944,INPUT
23.99702,0.03063017,1.079901,0.4014221,0.0209756,1.053055,0.4424842,INPUT
24.0213,0.02783614,1.058249,0.4074153,0.01809207,1.029051,0.4468181,INPUT
24.04735,0.02390882,1.035844,0.4121096,0.01418577,1.004536,0.4498625,INPUT
24.0691,0.0198735,1.015409,0.4152785,0.01036449,0.9824085,0.4516178,INPUT
24.10216,0.01576447,0.992983,0.41806,0.006669217,0.9582189,0.4528269,INPUT
24.12492,0.009953246,0.9658496,0.4200788,0.00108785,0.9289569,0.4526416,INPUT
24.14654,0.007396713,0.9505385,0.4201162,-0.001379028,0.9127568,0.4516683,INPUT
24.17032,0.00654088,0.9375299,0.4204227,-0.002067554,0.8992388,0.4514015,INPUT
24.19155,0.007191345,0.9238416,0.4212109,-0.0008982467,0.8850296,0.4516771,INPUT
24.21405,0.007098436,0.9121966,0.4220457,-0.0004813406,0.8727056,0.4517612,INPUT
24.23524,0.006343275,0.9008254,0.4229052,-0.001052965,0.8606378,0.4517195,INPUT
24.26033,0.005848214,0.8917651,0.4231957,-0.001858105,0.851101,0.4512499,INPUT
24.28139,0.005966201,0.8847876,0.4233878,-0.001995864,0.8438749,0.4510057,INPUT
24.30235,0.006459162,0.878184,0.4235752,-0.001558938,0.837078,0.4508883,INPUT
24.32543,0.006402627,0.8737337,0.4236563,-0.001597809,0.8324728,0.4507401,INPUT
24.35073,0.005400196,0.8692815,0.4237752,-0.002748649,0.8278034,0.4504804,INPUT
24.3805,0.003946245,0.8654934,0.424042,-0.004430673,0.823786,0.450316,INPUT
24.41239,0.002138093,0.8629867,0.4241588,-0.00650078,0.8211098,0.4500758,INPUT
24.43989,0.0003765076,0.8609133,0.4247022,-0.008571285,0.8188733,0.4502479,INPUT
24.46812,-0.0001030266,0.859516,0.4261131,-0.009275052,0.8172753,0.4512447,INPUT
24.49132,3.038347E-05,0.8589671,0.4277512,-0.009199218,0.8166086,0.4526626,INPUT
24.52337,-0.0003949851,0.8585182,0.4293686,-0.009746437,0.8160746,0.454089,INPUT
24.54677,-0.001125738,0.8573217,0.4313508,-0.01076104,0.8146577,0.4555777,INPUT
24.56947,-0.001721576,0.8557813,0.4331297,-0.01171601,0.8128511,0.4567328,INPUT
24.59549,-0.002096251,0.8541074,0.4347667,-0.01254317,0.8109102,0.4576766,INPUT
24.61827,-0.002706379,0.8522139,0.436193,-0.01375626,0.8087337,0.4582697,INPUT
24.63896,-0.003250256,0.8504083,0.4375497,-0.01491834,0.8066587,0.458759,INPUT
24.65991,-0.003090218,0.8493571,0.4384841,-0.01514225,0.8054657,0.4591793,INPUT
24.6854,-0.002507374,0.8487721,0.4392331,-0.01473733,0.8047985,0.4596475,INPUT
24.70856,-0.001858607,0.8483641,0.4398047,-0.01412522,0.8043194,0.4600431,INPUT
24.73236,-0.001577005,0.8482711,0.4400545,-0.01393049,0.8041705,0.4601175,INPUT
24.75558,-0.001910686,0.8488972,0.4395808,-0.01464545,0.8048053,0.4594234,INPUT
24.77801,-0.002426401,0.8505936,0.4386343,-0.01591127,0.8065853,0.4581645,INPUT
24.79888,-0.002964184,0.8540806,0.4365876,-0.01747788,0.8103342,0.4559683,INPUT
24.81995,-0.003594294,0.8598501,0.4333763,-0.01932217,0.8165998,0.4529223,INPUT
24.84046,-0.003705919,0.8676762,0.4296958,-0.02071265,0.8251592,0.4497725,INPUT
24.86087,-0.003200382,0.876327,0.4255565,-0.02112464,0.8346568,0.4465878,INPUT
24.88762,-0.002051637,0.8842114,0.4223793,-0.02052266,0.8432751,0.4443574,INPUT
