8.02091,0.1842892,0.8110005,0.1847421,0.04562761,0.821727,1,INPUT
8.04236,0.1839597,0.8116857,0.1842894,0.04340206,0.828502,1,INPUT
8.064027,0.183718,0.8121917,0.1839997,0.04422115,0.8336269,1,INPUT
8.082634,0.1836334,0.8123991,0.1836499,0.04474506,0.8366911,1,INPUT
8.099144,0.183467,0.8127116,0.1835107,0.04350801,0.838454,1,INPUT
8.115722,0.183361,0.813007,0.1834329,0.04212703,0.8402914,1,INPUT
8.131392,0.1833592,0.8129627,0.1831723,0.04160531,0.841677,1,INPUT
8.14895,0.1835819,0.8130754,0.1831822,0.04223597,0.8423088,1,INPUT
8.162732,0.1837339,0.8130004,0.1832389,0.04389459,0.843576,1,INPUT
8.176254,0.1838348,0.8129213,0.1831406,0.04542664,0.8436208,1,INPUT
8.194455,0.1839657,0.8128631,0.183211,0.0469026,0.8428634,1,INPUT
8.209305,0.1839175,0.8130341,0.183079,0.04817654,0.8424256,1,INPUT
8.226645,0.1839802,0.8136061,0.1827049,0.04739878,0.8440384,1,INPUT
8.244897,0.1841441,0.8143324,0.1821528,0.0459864,0.8496119,1,INPUT
8.260126,0.1842083,0.815021,0.1815221,0.0465298,0.8551908,1,INPUT
8.273658,0.1841439,0.8157291,0.1809656,0.04738772,0.8611597,1,INPUT
8.289255,0.1839228,0.8163895,0.1805226,0.04804432,0.8654258,1,INPUT
8.311993,0.1834484,0.8172846,0.179857,0.04810728,0.8700328,1,INPUT
8.326253,0.1831434,0.8178847,0.1793497,0.04858632,0.8767946,1,INPUT
8.340823,0.1827923,0.8184839,0.178857,0.04922527,0.8818907,1,INPUT
8.355493,0.1822039,0.8190526,0.1782128,0.04925926,0.8868297,1,INPUT
8.372195,0.1814788,0.8198205,0.1773807,0.04712278,0.8917756,1,INPUT
8.387013,0.1808711,0.8206844,0.1765902,0.04310852,0.8992616,1,INPUT
8.404113,0.1801957,0.8215384,0.1756236,0.03986079,0.9067588,1,INPUT
8.417359,0.1797471,0.8222777,0.1750658,0.03583413,0.9146176,1,INPUT
8.430734,0.1793601,0.8231184,0.1744643,0.03449431,0.9203174,1,INPUT
8.451127,0.1791602,0.8242244,0.1737355,0.03372823,0.9266911,1,INPUT
8.467461,0.1793549,0.8253456,0.1731057,0.03380083,0.9348597,1,INPUT
8.486769,0.1798074,0.826362,0.172669,0.03751984,0.9442861,1,INPUT
8.509139,0.1807356,0.827214,0.1723854,0.04188488,0.9521158,1,INPUT
8.530121,0.18164,0.8280012,0.1719176,0.04654527,0.9597257,1,INPUT
8.543334,0.1820344,0.8284299,0.1716728,0.04976365,0.9676234,1,INPUT
8.563027,0.1825856,0.8286027,0.1716679,0.05177248,0.97193,1,INPUT
8.576218,0.1829831,0.8287711,0.1715924,0.05463172,0.9737532,1,INPUT
8.593276,0.1836336,0.8290696,0.1715394,0.05783918,0.9759177,1,INPUT
8.606987,0.1839833,0.8293915,0.1714936,0.06307262,0.9791873,1,INPUT
8.620271,0.1843957,0.8295614,0.1713885,0.06667905,0.9815853,1,INPUT
8.637412,0.1848062,0.8299672,0.1711547,0.06936718,0.9836069,1,INPUT
8.655595,0.1850543,0.8302423,0.1709699,0.07276665,0.9869245,1,INPUT
8.671843,0.1850659,0.8305274,0.1707506,0.07519782,0.9895911,1,INPUT
8.685294,0.1848841,0.8305274,0.1707432,0.07682194,0.9919187,1,INPUT
8.704569,0.1845974,0.8305656,0.1706956,0.07676242,0.9919662,1,INPUT
8.718651,0.1845164,0.8304878,0.1705932,0.07642873,0.9925278,1,INPUT
8.732658,0.184428,0.8304387,0.1705706,0.07604092,0.9926449,1,INPUT
8.748507,0.184588,0.8303385,0.1705676,0.07652668,0.9930644,1,INPUT
8.76204,0.1846114,0.8302137,0.1706442,0.07940637,0.9929912,1,INPUT
8.775281,0.1845607,0.8302486,0.1705921,0.08090918,0.9922495,1,INPUT
8.792793,0.1843908,0.8302026,0.1705326,0.08037397,0.991914,1,INPUT
8.80624,0.1842614,0.8301367,0.1704424,0.07845319,0.9915218,1,INPUT
8.819857,0.1842158,0.8301882,0.1703945,0.07681047,0.9917418,1,INPUT
8.837678,0.1843012,0.8303232,0.170221,0.0766762,0.9924908,1,INPUT
8.853724,0.1843579,0.8304422,0.1700949,0.07827107,0.993578,1,INPUT
8.873796,0.1844581,0.8304395,0.1700993,0.07971095,0.9942485,1,INPUT
8.889595,0.1843697,0.8304307,0.1701023,0.08055114,0.9938869,1,INPUT
8.90463,0.1842131,0.8304065,0.1700399,0.08036987,0.993587,1,INPUT
8.918619,0.1839819,0.8303787,0.1699172,0.07897549,0.9939921,1,INPUT
8.932308,0.1837071,0.8302783,0.169986,0.07682993,0.9944423,1,INPUT
8.948429,0.1835313,0.83034,0.1698854,0.07446244,0.9941577,1,INPUT
8.962325,0.183365,0.8302608,0.169904,0.07237765,0.9940412,1,INPUT
8.976222,0.1832471,0.8301114,0.1700144,0.07111878,0.9935027,1,INPUT
8.994315,0.1833631,0.8299121,0.1701978,0.07133009,0.9923937,1,INPUT
9.009064,0.1834621,0.8297539,0.1703419,0.07390217,0.990537,1,INPUT
9.02746,0.1833125,0.8296676,0.1704384,0.07502182,0.9893394,1,INPUT
9.044234,0.1831272,0.8295707,0.1704509,0.07421302,0.988979,1,INPUT
9.06212,0.1832158,0.8297638,0.1702013,0.07242637,0.9890909,1,INPUT
9.083044,0.1832549,0.8298023,0.1701837,0.07203215,0.9899954,1,INPUT
9.099326,0.1833268,0.8298381,0.1702635,0.07237829,0.9901476,1,INPUT
9.116605,0.1834358,0.8298156,0.170325,0.07407928,0.9901575,1,INPUT
9.132042,0.1835029,0.8297269,0.1704329,0.07579955,0.9896488,1,INPUT
9.151711,0.1834134,0.829684,0.1705055,0.07687517,0.9888604,1,INPUT
9.167655,0.1833607,0.8295996,0.1705363,0.07581627,0.9885823,1,INPUT
9.184931,0.1834137,0.8295674,0.1706024,0.07505957,0.9883335,1,INPUT
9.201494,0.1835111,0.8294503,0.1706979,0.07624388,0.9883821,1,INPUT
9.218594,0.1836666,0.8293138,0.1708765,0.07797316,0.9880142,1,INPUT
9.232948,0.1835223,0.829038,0.1709617,0.08053226,0.9869151,1,INPUT
9.248305,0.1833854,0.8289588,0.1710955,0.08035021,0.9853725,1,INPUT
9.248305,0.1833854,0.8289588,0.1710955,0.08035021,0.9853725,1,TRIGGER
9.262508,0.183195,0.8291094,0.1709457,0.07980978,0.9844506,1,INPUT
9.284014,0.1826965,0.8292547,0.1707678,0.0768838,0.9849895,1,INPUT
9.300136,0.1821449,0.8298628,0.1700784,0.07230045,0.9870925,1,INPUT
9.319403,0.1818832,0.8303198,0.1695576,0.06877767,0.9922745,1,INPUT
9.332807,0.1819016,0.830449,0.1694304,0.06802083,0.9970334,1,INPUT
9.35113,0.1820758,0.8302088,0.1695258,0.07195359,0.9981261,1,INPUT
9.364996,0.1819432,0.8301138,0.1695233,0.07594473,0.9967405,1,INPUT
9.384123,0.1813411,0.8299469,0.1695031,0.07575005,0.9963344,1,INPUT
9.397475,0.1809013,0.8298287,0.169404,0.07405489,0.995744,1,INPUT
9.415402,0.1805955,0.8295656,0.1693887,0.07255971,0.9956787,1,INPUT
9.42955,0.1804077,0.8293219,0.169508,0.071288,0.995639,1,INPUT
9.443135,0.1805514,0.8292028,0.1697055,0.07233931,0.9951322,1,INPUT
9.459884,0.1810385,0.8294638,0.1696545,0.07614211,0.9946305,1,INPUT
9.476467,0.1817097,0.8291868,0.1700052,0.08273996,0.9933086,1,INPUT
9.497538,0.1823812,0.8288873,0.1702113,0.08985433,0.9909175,1,INPUT
9.51264,0.1821883,0.8288806,0.1702305,0.0944446,0.9886409,1,INPUT
9.529128,0.1820696,0.828795,0.1703818,0.09084223,0.9877982,1,INPUT
9.542577,0.1822124,0.8288074,0.1705228,0.08869198,0.9873799,1,INPUT
9.562423,0.1827406,0.8289002,0.1705495,0.09024906,0.9877749,1,INPUT
9.57638,0.1831159,0.8290439,0.1704712,0.09574896,0.9884046,1,INPUT
9.595806,0.1833833,0.8289171,0.1706045,0.09927044,0.9885833,1,INPUT
9.609029,0.183585,0.8288311,0.170682,0.1028247,0.9869538,1,INPUT
9.629958,0.1836374,0.8286713,0.1708683,0.1046848,0.985997,1,INPUT
9.643994,0.1835765,0.8286676,0.170899,0.1045516,0.9849994,1,INPUT
9.660232,0.1836507,0.828611,0.1709474,0.1031141,0.984832,1,INPUT
9.673915,0.1836518,0.8285034,0.1710566,0.1018131,0.984055,1,INPUT
9.687222,0.1836465,0.8284244,0.1711257,0.1014596,0.9830431,1,INPUT
9.706979,0.1837567,0.8284079,0.1712327,0.1015847,0.9820567,1,INPUT
9.720998,0.1837811,0.8284267,0.1712432,0.1022742,0.9817687,1,INPUT
9.738515,0.1837923,0.8283713,0.1711788,0.1019307,0.9820446,1,INPUT
9.754657,0.1837511,0.8284965,0.1711008,0.1009464,0.9817036,1,INPUT
9.771945,0.1838322,0.828618,0.1710864,0.09960771,0.9821364,1,INPUT
9.788298,0.1841161,0.8287293,0.1709724,0.1003142,0.9830994,1,INPUT
9.805357,0.1844267,0.8288308,0.1708827,0.1029088,0.9843903,1,INPUT
9.820264,0.184487,0.8288077,0.1708546,0.1063168,0.9852135,1,INPUT
9.838951,0.1845347,0.828591,0.1709843,0.1080976,0.9852045,1,INPUT
9.856047,0.1844016,0.8284235,0.1712021,0.1089125,0.9834669,1,INPUT
9.874745,0.184248,0.8283662,0.1712492,0.1087045,0.9822257,1,INPUT
9.893962,0.1842025,0.8282486,0.1713969,0.1070787,0.9815919,1,INPUT
9.912707,0.1841455,0.8281705,0.1713718,0.1067362,0.9807684,1,INPUT
9.927398,0.1841226,0.8280602,0.1714323,0.1064927,0.9801639,1,INPUT
9.9409,0.1840049,0.8279719,0.1715306,0.1056263,0.9791132,1,INPUT
9.954565,0.1839389,0.8280768,0.1715035,0.1042194,0.9786816,1,INPUT
9.970613,0.1838135,0.828074,0.171495,0.1023075,0.9789063,1,INPUT
9.984168,0.1836614,0.8280508,0.1714033,0.09896764,0.9788929,1,INPUT
9.997643,0.1836485,0.8281736,0.1713293,0.09628854,0.9793304,1,INPUT
10.01539,0.1838245,0.8281553,0.1713079,0.09514401,0.979716,1,INPUT
10.02994,0.1839729,0.8281341,0.171428,0.09710507,0.9793961,1,INPUT
10.04846,0.1842267,0.8280451,0.1714578,0.09951524,0.9789577,1,INPUT
10.06443,0.1842241,0.8279929,0.1716268,0.1016009,0.9774097,1,INPUT
10.08344,0.1841354,0.8279037,0.1716363,0.101959,0.9765552,1,INPUT
10.10178,0.1840551,0.8279008,0.1716339,0.1002207,0.9763155,1,INPUT
10.12296,0.1839169,0.8278241,0.1715676,0.09924282,0.9762765,1,INPUT
10.15087,0.1837623,0.8279819,0.1715385,0.09848768,0.9764212,1,INPUT
10.16894,0.1836794,0.827966,0.171481,0.09748593,0.9767184,1,INPUT
10.18555,0.1835795,0.8278139,0.1715963,0.09701473,0.9763029,1,INPUT
10.2018,0.1834876,0.827691,0.1716469,0.09644561,0.9749451,1,INPUT
10.21946,0.1835109,0.8275387,0.1717858,0.09566522,0.9740618,1,INPUT
10.23988,0.1836483,0.8276959,0.1717077,0.09596709,0.9736081,1,INPUT
10.25863,0.1837102,0.8276657,0.171694,0.09664531,0.9739912,1,INPUT
10.27592,0.1838137,0.8275928,0.171822,0.09697237,0.9737917,1,INPUT
10.29486,0.1837984,0.8275579,0.1718207,0.09751152,0.9730816,1,INPUT
10.31296,0.1836536,0.8275928,0.1718282,0.09672795,0.9727548,1,INPUT
10.33683,0.1837242,0.8276053,0.1718385,0.09601215,0.9726174,1,INPUT
10.35505,0.183854,0.8276269,0.1717284,0.09625066,0.9733577,1,INPUT
10.37327,0.1838917,0.8275622,0.1717848,0.09713307,0.9735904,1,INPUT
10.39156,0.1837555,0.8275269,0.1718702,0.09731703,0.9733633,1,INPUT
10.40992,0.1836777,0.8274976,0.1719615,0.09663332,0.9729056,1,INPUT
10.42804,0.1836361,0.8274476,0.1720162,0.09629702,0.9725051,1,INPUT
10.44449,0.1837244,0.8275467,0.171909,0.09651043,0.9720212,1,INPUT
10.46231,0.1837854,0.8276394,0.1718763,0.09670004,0.972213,1,INPUT
10.48028,0.183832,0.8276517,0.171766,0.09691343,0.9728823,1,INPUT
10.4957,0.1837375,0.8276429,0.1717531,0.09670567,0.9732251,1,INPUT
10.51079,0.1836514,0.827649,0.1716499,0.09548156,0.9734629,1,INPUT
10.52655,0.1835507,0.8277795,0.1715376,0.09404655,0.973771,1,INPUT
10.54555,0.1835033,0.8279244,0.1714317,0.09292947,0.9749923,1,INPUT
10.561,0.1835206,0.8280718,0.1712859,0.09309031,0.9764785,1,INPUT
10.57498,0.1834086,0.8281569,0.1711694,0.09366383,0.9782293,1,INPUT
10.593,0.1832818,0.8281307,0.1710795,0.09358495,0.978776,1,INPUT
10.60659,0.1830353,0.8281142,0.1710816,0.09298687,0.9788598,1,INPUT
10.61937,0.1827085,0.8280857,0.1710516,0.09204677,0.9783472,1,INPUT
10.61937,0.1827085,0.8280857,0.1710516,0.09204677,0.9783472,1,TRIGGER
10.63833,0.1822153,0.8281252,0.1709244,0.08977726,0.9781929,1,INPUT
10.65504,0.1820193,0.8283048,0.1706523,0.08713108,0.9789793,1,INPUT
10.67531,0.1816953,0.8285149,0.1704177,0.08586638,0.9810271,1,INPUT
10.69793,0.1811004,0.828701,0.1700538,0.08410664,0.9830589,1,INPUT
10.72071,0.1800329,0.8287826,0.1696841,0.07876698,0.9844965,1,INPUT
10.74249,0.1789555,0.8288181,0.1693542,0.07057451,0.9849561,1,INPUT
10.77028,0.1783603,0.8289822,0.1689777,0.06344318,0.9867001,1,INPUT
10.787,0.1779827,0.829012,0.1688129,0.06280167,0.9893494,1,INPUT
10.80442,0.1777023,0.8290035,0.1686528,0.06351434,0.9899856,1,INPUT
10.81838,0.1774181,0.8290762,0.1685273,0.06291237,0.990207,1,INPUT
10.83239,0.1772309,0.8290622,0.1684941,0.06216579,0.9904753,1,INPUT
10.84953,0.1770443,0.8288101,0.168562,0.06146033,0.9904358,1,INPUT
10.86349,0.1773774,0.8287829,0.1686102,0.06186377,0.9895598,1,INPUT
10.88228,0.1778403,0.8285617,0.1689535,0.06449793,0.9890226,1,INPUT
10.89742,0.1784099,0.8283867,0.169371,0.06804387,0.9869043,1,INPUT
10.91741,0.1790291,0.8282369,0.1697748,0.07119635,0.9849379,1,INPUT
10.93132,0.1793997,0.8282392,0.1698239,0.07265089,0.9821858,1,INPUT
10.9514,0.1798604,0.828419,0.1697869,0.07284293,0.9816617,1,INPUT
10.96998,0.1803271,0.8284791,0.1697754,0.07400639,0.9825109,1,INPUT
10.98655,0.1807279,0.8285838,0.1698115,0.07587229,0.9832333,1,INPUT
11.00784,0.1811011,0.82881,0.1697431,0.07831704,0.9838129,1,INPUT
11.02892,0.180985,0.8287976,0.1698717,0.08024915,0.9837858,1,INPUT
11.04286,0.1807974,0.8286427,0.1698582,0.07949818,0.9830998,1,INPUT
11.06132,0.1805437,0.8285118,0.1699144,0.07810792,0.9822081,1,INPUT
11.07698,0.1805684,0.8285007,0.1698864,0.07719258,0.9814621,1,INPUT
11.09456,0.1806705,0.8285117,0.1698472,0.07953379,0.9821378,1,INPUT
11.11321,0.1806968,0.8284211,0.1698838,0.08231325,0.9823726,1,INPUT
11.13028,0.1806017,0.8283547,0.1699671,0.08459201,0.9814305,1,INPUT
11.14983,0.1803015,0.828285,0.1700072,0.08514361,0.9803591,1,INPUT
11.16554,0.1801803,0.8281975,0.1700628,0.08397879,0.9797511,1,INPUT
11.18768,0.1801977,0.8281079,0.1701891,0.08260287,0.9792637,1,INPUT
11.20422,0.1804176,0.8279991,0.1703064,0.08291628,0.9788788,1,INPUT
11.21816,0.1806384,0.828018,0.1704112,0.08486722,0.9781207,1,INPUT
11.23166,0.1810021,0.8278708,0.170554,0.08627587,0.977576,1,INPUT
11.24827,0.1811732,0.8277813,0.170673,0.08765354,0.9764534,1,INPUT
11.26193,0.1813739,0.8276904,0.1708321,0.08749592,0.9752098,1,INPUT
11.27569,0.1814785,0.8277175,0.1708219,0.08742133,0.9743261,1,INPUT
11.29298,0.181678,0.8277466,0.1708717,0.08725142,0.9743103,1,INPUT
11.30652,0.181863,0.8277782,0.1709289,0.08783814,0.9747725,1,INPUT
11.32172,0.1820478,0.8277849,0.170949,0.08954751,0.9750627,1,INPUT
11.34099,0.1820762,0.8277678,0.1709691,0.09064864,0.9751324,1,INPUT
11.35769,0.1820391,0.8277684,0.1709704,0.09127153,0.9747158,1,INPUT
11.37408,0.1819841,0.8276919,0.1710609,0.09080694,0.9740682,1,INPUT
11.39387,0.1819285,0.8276911,0.1710776,0.08996522,0.9732903,1,INPUT
11.40829,0.1820186,0.8276452,0.1711434,0.08925748,0.9726397,1,INPUT
11.42597,0.1822186,0.8276398,0.1711163,0.08948822,0.9723136,1,INPUT
11.43963,0.1822933,0.827641,0.171134,0.09096014,0.9725962,1,INPUT
11.45331,0.1822954,0.827588,0.1711411,0.09154177,0.9725264,1,INPUT
11.47148,0.1822599,0.8276206,0.1711744,0.09175804,0.9722353,1,INPUT
11.49112,0.1822353,0.827639,0.1711518,0.09117819,0.9720708,1,INPUT
11.50965,0.1822851,0.8276508,0.1710911,0.0897669,0.9721742,1,INPUT
11.52741,0.1824519,0.8276986,0.1711001,0.09013364,0.9727265,1,INPUT
11.54488,0.1824902,0.8275892,0.1710536,0.09219658,0.9732229,1,INPUT
11.56303,0.1826526,0.8275992,0.1710766,0.09397985,0.9729824,1,INPUT
11.57991,0.1826435,0.8276473,0.1710519,0.0950776,0.9727581,1,INPUT
11.60388,0.1824302,0.8277644,0.1708933,0.09435099,0.973118,1,INPUT
11.62209,0.1824733,0.8278201,0.1709216,0.09210007,0.973863,1,INPUT
11.6394,0.1825804,0.8278194,0.1709635,0.09248337,0.9740394,1,INPUT
11.65681,0.1826193,0.8277998,0.171055,0.09393058,0.9740331,1,INPUT
11.67494,0.1826577,0.8276995,0.1710686,0.09457319,0.9738182,1,INPUT
11.69307,0.1825975,0.8276325,0.1710355,0.09453844,0.973406,1,INPUT
11.7093,0.1825464,0.8275344,0.1711059,0.09370165,0.9732989,1,INPUT
11.72682,0.1826381,0.8275493,0.1711298,0.09302245,0.9731169,1,INPUT
11.74233,0.1828009,0.8275984,0.1711236,0.0934302,0.9730543,1,INPUT
11.75942,0.1830326,0.82763,0.1711292,0.09462459,0.9732234,1,INPUT
11.77468,0.1830612,0.8277067,0.1711591,0.09599636,0.9732081,1,INPUT
11.79331,0.1830304,0.8277563,0.1711815,0.09617132,0.9732081,1,INPUT
11.81038,0.1830833,0.8276885,0.1711419,0.09537981,0.9734107,1,INPUT
11.82529,0.1830252,0.8277841,0.1711116,0.09466195,0.9733586,1,INPUT
11.8389,0.1830304,0.8278131,0.1710337,0.09321047,0.9740184,1,INPUT
11.85403,0.1830385,0.8278427,0.1710024,0.09239204,0.9746205,1,INPUT
11.87073,0.1831396,0.8278096,0.171034,0.09228094,0.9752152,1,INPUT
11.88488,0.183131,0.8278366,0.171075,0.09292924,0.9750618,1,INPUT
11.90041,0.1831467,0.8277481,0.1711189,0.09269217,0.9749459,1,INPUT
11.91501,0.1831203,0.8277118,0.1711171,0.09245215,0.9743168,1,INPUT
11.92851,0.1830773,0.8276681,0.171135,0.09187201,0.9739283,1,INPUT
11.94216,0.1830989,0.8277099,0.1711179,0.09106142,0.9739232,1,INPUT
11.95984,0.1832726,0.8277833,0.1710699,0.09053104,0.9744644,1,INPUT
11.97442,0.183343,0.8278252,0.1710244,0.09079982,0.9752715,1,INPUT
11.98869,0.1834492,0.827857,0.1710665,0.09178953,0.9754938,1,INPUT
12.0042,0.1835515,0.8277452,0.1710665,0.09267242,0.9753785,1,INPUT
12.02194,0.183581,0.8277058,0.1711863,0.0932983,0.9748964,1,INPUT
12.03556,0.183516,0.827651,0.1712962,0.09325562,0.9742516,1,INPUT
12.04917,0.18355,0.8276113,0.1713284,0.0929914,0.9737462,1,INPUT
12.07141,0.1836523,0.8275889,0.1713402,0.09315904,0.9735343,1,INPUT
12.08472,0.1837299,0.8276785,0.1712426,0.09445745,0.9735563,1,INPUT
12.09871,0.1837299,0.8276876,0.1712228,0.09509134,0.9738611,1,INPUT
12.11506,0.1837573,0.8276842,0.1712519,0.09540194,0.9737382,1,INPUT
12.13152,0.1836709,0.8275884,0.1713183,0.09559622,0.9735982,1,INPUT
12.15077,0.1836362,0.8275765,0.1712964,0.09548716,0.9730962,1,INPUT
12.16739,0.183688,0.8276085,0.1712663,0.09502393,0.9731008,1,INPUT
12.18308,0.1837703,0.8276937,0.1712006,0.09572945,0.9736348,1,INPUT
12.19904,0.1834922,0.8278297,0.1709168,0.09607989,0.9743259,1,INPUT
12.21595,0.1831795,0.828022,0.1706183,0.09261772,0.9756898,1,INPUT
12.21595,0.1831795,0.828022,0.1706183,0.09261772,0.9756898,1,TRIGGER
12.23742,0.1824586,0.8282916,0.1704498,0.0900378,0.9776701,1,INPUT
12.25502,0.1820665,0.8285213,0.1703023,0.08686113,0.9791198,1,INPUT
12.27521,0.1823557,0.828868,0.1698702,0.08725438,0.980833,1,INPUT
12.29598,0.1822511,0.8292139,0.1694912,0.09352589,0.9853684,1,INPUT
12.30951,0.1819782,0.8291113,0.1691598,0.09514777,0.9885564,1,INPUT
12.32903,0.1811843,0.8293337,0.1687622,0.09460803,0.9891271,1,INPUT
12.34354,0.1804477,0.8294995,0.168621,0.0888198,0.9909764,1,INPUT
12.36265,0.179633,0.829529,0.1686228,0.08396935,0.9919006,1,INPUT
12.37616,0.1794566,0.8294489,0.1687872,0.07703242,0.9919804,1,INPUT
12.393,0.1794077,0.8292205,0.1690177,0.07579401,0.9912409,1,INPUT
12.40828,0.179756,0.8287944,0.169177,0.07716707,0.9892396,1,INPUT
12.42775,0.1803082,0.8282469,0.1696196,0.07961524,0.9861938,1,INPUT
12.4483,0.1809154,0.8277091,0.1697395,0.08314092,0.9818444,1,INPUT
12.466,0.1815261,0.827767,0.1699625,0.08445529,0.9784905,1,INPUT
12.4875,0.1824156,0.8283551,0.1700322,0.08445529,0.9784905,1,INPUT
12.50892,0.1834986,0.8289816,0.1700154,0.08445529,0.9784905,1,INPUT
12.52909,0.1844922,0.8293946,0.1702578,0.08445529,0.9784905,1,INPUT
12.5426,0.1848618,0.8295096,0.1704579,0.08445529,0.9784905,1,INPUT
12.56265,0.1854315,0.8296713,0.1705837,0.08445529,0.9784905,1,INPUT
12.57627,0.1857581,0.8296491,0.1707525,0.08445529,0.9784905,1,INPUT
12.59556,0.1863665,0.8295603,0.1710926,0.08445529,0.9784905,1,INPUT
12.6086,0.1868882,0.8294231,0.1712203,0.08445529,0.9784905,1,INPUT
12.62673,0.1877709,0.8289971,0.1715104,0.08445529,0.9784905,1,INPUT
12.64231,0.1883337,0.8286766,0.1717263,0.08445529,0.9784905,1,INPUT
12.66332,0.1889662,0.8281258,0.171955,0.08445529,0.9784905,1,INPUT
12.67847,0.1894481,0.8275325,0.1722643,0.08445529,0.9784905,1,INPUT
12.69328,0.1897796,0.8272942,0.172249,0.08445529,0.9784905,1,INPUT
12.707,0.190185,0.8272176,0.1721189,0.08445529,0.9784905,1,INPUT
12.72038,0.1907461,0.8273314,0.1717524,0.08445529,0.9784905,1,INPUT
12.73702,0.1913718,0.827476,0.1712327,0.08445529,0.9784905,1,INPUT
12.75311,0.1920296,0.8277422,0.1705041,0.08445529,0.9784905,1,INPUT
12.77234,0.1929756,0.8280733,0.1696048,0.08445529,0.9784905,1,INPUT
12.79061,0.1941606,0.8283095,0.168607,0.08445529,0.9784905,1,INPUT
12.80796,0.1953555,0.8285303,0.1677286,0.08445529,0.9784905,1,INPUT
12.82874,0.1968233,0.8289487,0.1669914,0.08445529,0.9784905,1,INPUT
12.84665,0.1980601,0.8291758,0.1662484,0.08445529,0.9784905,1,INPUT
12.87103,0.1995938,0.8291651,0.1655162,0.08445529,0.9784905,1,INPUT
12.88948,0.2016277,0.8289275,0.1647142,0.08445529,0.9784905,1,INPUT
12.9083,0.2039163,0.8287206,0.1642518,0.08445529,0.9784905,1,INPUT
12.92856,0.2065602,0.8286025,0.1635436,0.08445529,0.9784905,1,INPUT
12.94619,0.2090522,0.82849,0.1628893,0.08445529,0.9784905,1,INPUT
12.96095,0.2115442,0.8286057,0.1622198,0.08445529,0.9784905,1,INPUT
12.97558,0.2141625,0.8287421,0.1614246,0.08445529,0.9784905,1,INPUT
12.99314,0.2173839,0.8286061,0.1605481,0.08445529,0.9784905,1,INPUT
13.00735,0.219726,0.8285355,0.1597586,0.08445529,0.9784905,1,INPUT
13.02223,0.2221767,0.8284351,0.1589657,0.08445529,0.9784905,1,INPUT
13.03854,0.2249469,0.8283539,0.1579779,0.08445529,0.9784905,1,INPUT
13.05138,0.2271072,0.8282449,0.1571491,0.08445529,0.9784905,1,INPUT
13.06842,0.229676,0.8281339,0.1561434,0.08445529,0.9784905,1,INPUT
13.08237,0.2331582,0.8280092,0.1547424,0.08445529,0.9784905,1,INPUT
13.09526,0.2358363,0.8279135,0.1534971,0.08445529,0.9784905,1,INPUT
13.1094,0.2387478,0.8279184,0.1520734,0.08445529,0.9784905,1,INPUT
13.12922,0.2424378,0.8280026,0.1500942,0.08445529,0.9784905,1,INPUT
13.14478,0.2457684,0.8279542,0.1482866,0.08445529,0.9784905,1,INPUT
13.16234,0.2500851,0.8279577,0.1457495,0.08445529,0.9784905,1,INPUT
13.17917,0.2540352,0.8279929,0.1432665,0.08445529,0.9784905,1,INPUT
13.19501,0.2581278,0.8279452,0.140574,0.08445529,0.9784905,1,INPUT
13.20837,0.2613572,0.8279582,0.1380556,0.08445529,0.9784905,1,INPUT
13.22567,0.2659271,0.8276144,0.1348656,0.08445529,0.9784905,1,INPUT
13.23899,0.2690816,0.8276723,0.1323701,0.08445529,0.9784905,1,INPUT
13.25263,0.2725337,0.8278021,0.1295869,0.08445529,0.9784905,1,INPUT
13.27372,0.2773275,0.8282194,0.1254302,0.08445529,0.9784905,1,INPUT
13.28709,0.2821097,0.8283768,0.1212633,0.08445529,0.9784905,1,INPUT
13.30398,0.2866008,0.8283412,0.1169239,0.08445529,0.9784905,1,INPUT
13.31704,0.2897879,0.8282217,0.1138025,0.08445529,0.9784905,1,INPUT
13.33024,0.2923392,0.8281859,0.1109393,0.08445529,0.9784905,1,INPUT
13.3484,0.2956178,0.8278935,0.1075489,0.08445529,0.9784905,1,INPUT
13.36339,0.2983346,0.8276109,0.1048614,0.08445529,0.9784905,1,INPUT
13.38142,0.3016761,0.8272088,0.1008144,0.08445529,0.9784905,1,INPUT
13.39514,0.3038786,0.8269701,0.09784777,0.08445529,0.9784905,1,INPUT
13.40835,0.305839,0.8267641,0.09507161,0.08445529,0.9784905,1,INPUT
13.42657,0.3078504,0.8269572,0.09150285,0.08445529,0.9784905,1,INPUT
13.43942,0.3092797,0.8271112,0.08895475,0.08445529,0.9784905,1,INPUT
13.45294,0.3101468,0.8272378,0.08706234,0.08445529,0.9784905,1,INPUT
13.47673,0.3117867,0.8276738,0.08378035,0.08445529,0.9784905,1,INPUT
13.49393,0.3133555,0.8279622,0.07978043,0.08445529,0.9784905,1,INPUT
13.50966,0.3141691,0.8280265,0.07733066,0.08445529,0.9784905,1,INPUT
13.52845,0.3150222,0.8289338,0.07421036,0.08445529,0.9784905,1,INPUT
13.54559,0.31613,0.8294392,0.07137139,0.08445529,0.9784905,1,INPUT
13.56265,0.316861,0.8302902,0.06847586,0.08445529,0.9784905,1,INPUT
13.57745,0.3174706,0.830917,0.06618481,0.08445529,0.9784905,1,INPUT
13.5933,0.3181088,0.8312347,0.06358062,0.08445529,0.9784905,1,INPUT
13.60834,0.3189352,0.8315322,0.0613182,0.08445529,0.9784905,1,INPUT
13.62758,0.3199793,0.832221,0.05823243,0.08445529,0.9784905,1,INPUT
13.64294,0.320628,0.8330302,0.05560502,0.08445529,0.9784905,1,INPUT
13.66155,0.3213306,0.8354263,0.05174349,0.08445529,0.9784905,1,INPUT
13.68039,0.3214848,0.8372908,0.0492887,0.08445529,0.9784905,1,INPUT
13.6931,0.3214361,0.839438,0.04703495,0.08445529,0.9784905,1,INPUT
13.70631,0.3214978,0.8411982,0.04538111,0.08445529,0.9784905,1,INPUT
13.71963,0.3217402,0.8428621,0.0435014,0.08445529,0.9784905,1,INPUT
13.73769,0.3220618,0.845005,0.04055907,0.08445529,0.9784905,1,INPUT
13.7506,0.3225186,0.8468841,0.03774622,0.08445529,0.9784905,1,INPUT
13.76457,0.32304,0.8483608,0.03478772,0.08445529,0.9784905,1,INPUT
13.7823,0.3243712,0.8497238,0.03125603,0.08445529,0.9784905,1,INPUT
13.79518,0.32536,0.850561,0.02858509,0.08445529,0.9784905,1,INPUT
13.8082,0.3264816,0.8514714,0.02631211,0.08445529,0.9784905,1,INPUT
13.82633,0.3286268,0.8520578,0.02335402,0.08445529,0.9784905,1,INPUT
13.83946,0.3304968,0.8520184,0.02157422,0.08445529,0.9784905,1,INPUT
13.85438,0.3323824,0.8522724,0.01918193,0.08445529,0.9784905,1,INPUT
13.87064,0.3346492,0.8521391,0.01631401,0.08445529,0.9784905,1,INPUT
13.88949,0.3371176,0.851647,0.01357522,0.08445529,0.9784905,1,INPUT
13.90576,0.3398311,0.8506755,0.01005855,0.08445529,0.9784905,1,INPUT
13.92206,0.3427018,0.8504694,0.006693324,0.08445529,0.9784905,1,INPUT
13.93854,0.3453862,0.8497408,0.004065919,0.08445529,0.9784905,1,INPUT
13.95144,0.3473287,0.8499139,0.001840431,0.08445529,0.9784905,1,INPUT
13.96457,0.3489512,0.8497925,-0.0007007234,0.08445529,0.9784905,1,INPUT
13.98266,0.350599,0.8486221,-0.004147597,0.08445529,0.9784905,1,INPUT
13.99583,0.3492817,0.8526484,-0.006372582,0.08445529,0.9784905,1,INPUT
14.00969,0.34845,0.850109,-0.008888541,0.08445529,0.9784905,1,INPUT
14.02699,0.3496904,0.8524431,-0.008936889,0.08445529,0.9784905,1,INPUT
14.05141,0.3505781,0.8533651,-0.01017646,0.08445529,0.9784905,1,INPUT
14.06654,0.3513047,0.8539155,-0.01202186,0.08445529,0.9784905,1,INPUT
14.08252,0.3521774,0.8533065,-0.01464985,0.08445529,0.9784905,1,INPUT
14.10408,0.3523417,0.8529969,-0.01757549,0.08445529,0.9784905,1,INPUT
14.11917,0.3530396,0.8526862,-0.02033813,0.08445529,0.9784905,1,INPUT
14.14161,0.3534729,0.8512405,-0.02198627,1.962899,0.9832497,0.4017681,INPUT
14.1635,0.353558,0.8498017,-0.02428954,1.965262,0.9565686,0.3929521,INPUT
14.18619,0.3531123,0.8494993,-0.02645355,1.971181,0.9339411,0.3708622,INPUT
14.20945,0.3520285,0.8513859,-0.02782961,1.976594,0.9270635,0.3506609,INPUT
14.23203,0.3508272,0.8547211,-0.02912761,1.978303,0.9435961,0.3442819,INPUT
14.24793,0.3500112,0.855889,-0.0297785,1.981717,0.9600595,0.3315401,INPUT
14.26189,0.3494534,0.8567889,-0.03071191,1.984594,0.9695896,0.3208033,INPUT
14.27522,0.349513,0.8569565,-0.03240346,1.9875,0.973086,0.3099571,INPUT
14.29253,0.3492798,0.8579908,-0.03396986,1.990276,0.9730935,0.299597,INPUT
14.31066,0.3487129,0.8587783,-0.03428172,1.991671,0.9767604,0.29439,INPUT
14.32463,0.3484061,0.8607057,-0.03432794,1.991155,0.9829697,0.2963157,INPUT
14.33821,0.3479577,0.861645,-0.03384145,1.987251,0.9943416,0.3108874,INPUT
14.35177,0.3476267,0.8627754,-0.03335397,1.983818,1.004687,0.323698,INPUT
14.37229,0.3471183,0.8635803,-0.03310421,1.981113,1.015528,0.3337958,INPUT
14.38627,0.3470464,0.8637668,-0.03303374,1.979315,1.023253,0.3405046,INPUT
14.40409,0.3472732,0.8635773,-0.03405858,1.978718,1.023925,0.3427329,INPUT
14.41822,0.3475863,0.8631535,-0.0344404,1.978505,1.022174,0.3435283,INPUT
14.43338,0.3480955,0.8625728,-0.03500801,1.978621,1.015877,0.3430926,INPUT
14.44963,0.3487025,0.8617591,-0.03539684,1.978337,1.007043,0.3441543,INPUT
14.4659,0.3492467,0.8610174,-0.03564285,1.977951,0.9972736,0.3455949,INPUT
14.48495,0.349934,0.8603401,-0.03620142,1.978242,0.9899727,0.3445085,INPUT
14.50303,0.3506329,0.8597217,-0.03687939,1.980886,0.9803523,0.3346406,INPUT
14.52512,0.3515292,0.858789,-0.03753756,1.983581,0.9712011,0.3245838,INPUT
14.54102,0.3527041,0.8583671,-0.03874156,1.985759,0.961455,0.3164534,INPUT
14.56175,0.3539285,0.8577604,-0.03896207,1.985923,0.9548299,0.3158437,INPUT
14.57907,0.3548426,0.8580745,-0.03957403,1.986015,0.9480733,0.315501,INPUT
14.59533,0.3550856,0.858539,-0.04009286,1.986583,0.9496264,0.3133807,INPUT
14.61144,0.3548427,0.8592827,-0.04023178,1.987469,0.9565321,0.3100719,INPUT
14.62785,0.354674,0.8600017,-0.04016697,1.988316,0.9689253,0.3069132,INPUT
14.64373,0.354305,0.8608449,-0.04003527,1.988681,0.9809377,0.3055488,INPUT
14.65975,0.3541431,0.86176,-0.04045875,1.989042,0.9934717,0.3042025,INPUT
14.67302,0.3539935,0.8621075,-0.04031335,1.98927,1.002836,0.303351,INPUT
14.68715,0.3544156,0.8618841,-0.04032705,1.989043,1.00502,0.3042003,INPUT
14.7041,0.3549814,0.8615724,-0.040404,1.988375,0.9992383,0.3066928,INPUT
14.72193,0.3552374,0.8612071,-0.04045141,1.988055,0.9920142,0.3078859,INPUT
14.73571,0.3553081,0.8610976,-0.04042143,1.988351,0.9871099,0.3067813,INPUT
14.74917,0.3552997,0.8614337,-0.04099713,1.98903,0.9884939,0.3042462,INPUT
14.76244,0.3553225,0.8615089,-0.04083413,1.989184,0.9932099,0.3036742,INPUT
14.77605,0.3556333,0.8618046,-0.04076825,1.988911,0.9967934,0.3046921,INPUT
14.79231,0.3557481,0.8616498,-0.04070519,1.988026,0.9974573,0.3079945,INPUT
14.80577,0.3563868,0.861459,-0.0411271,1.988178,0.9942802,0.3074258,INPUT
14.81956,0.3569648,0.8610916,-0.04162502,1.989123,0.9898626,0.3039005,INPUT
14.83726,0.3576468,0.8606973,-0.04200944,1.990882,0.9830941,0.2973345,INPUT
14.85287,0.3585441,0.8607369,-0.04301944,1.992173,0.9763909,0.2925171,INPUT
14.87068,0.3590685,0.8606012,-0.04331965,1.992203,0.9745728,0.292407,INPUT
14.88417,0.3593339,0.8605788,-0.04379873,1.992462,0.9744602,0.2914391,INPUT
14.88417,0.3593339,0.8605788,-0.04379873,1.992462,0.9744602,0.2914391,TRIGGER
14.89876,0.3598003,0.8608447,-0.0446141,1.993416,0.9754033,0.2878797,INPUT
14.91803,0.3603522,0.8614018,-0.04559784,1.995604,0.9776694,0.2797118,INPUT
14.93624,0.3601395,0.8621711,-0.04636141,1.997291,0.9802072,0.2734155,INPUT
14.95232,0.3600897,0.8627831,-0.04625232,1.997628,0.9917458,0.2721592,INPUT
14.97401,0.3604191,0.8630883,-0.04611183,1.998946,0.9929663,0.2672407,INPUT
14.98856,0.3605379,0.8632096,-0.04599752,1.998635,0.997733,0.2684008,INPUT
15.00665,0.3606485,0.8634833,-0.04628211,1.998573,1.001128,0.2686335,INPUT
15.02075,0.3604541,0.863975,-0.04645217,1.998597,1.005723,0.2685445,INPUT
15.03685,0.3601191,0.8642972,-0.04651109,1.998471,1.00955,0.2690124,INPUT
15.05054,0.3603484,0.8641304,-0.04645203,1.997363,1.01402,0.2731471,INPUT
15.06465,0.3603314,0.8638591,-0.04616746,1.996645,1.014321,0.2758296,INPUT
15.08122,0.3602852,0.8640949,-0.04636712,1.996001,1.012369,0.278232,INPUT
15.0946,0.3602503,0.8637885,-0.04617326,1.995471,1.011504,0.2802083,INPUT
15.10904,0.360333,0.8639123,-0.04646663,1.995962,1.008231,0.2783785,INPUT
15.12608,0.3602293,0.8632653,-0.04675201,1.997088,1.004352,0.2741734,INPUT
15.14516,0.360139,0.8628534,-0.04657357,1.998671,1.000126,0.2682657,INPUT
15.15927,0.3601262,0.8630869,-0.04659749,1.999012,0.9973203,0.2669952,INPUT
15.17309,0.3599797,0.8624244,-0.04627995,1.996913,0.9958298,0.2748271,INPUT
15.18654,0.3598553,0.8620554,-0.04622695,1.996874,0.9882481,0.2749739,INPUT
15.20786,0.3597692,0.8615564,-0.04609756,1.996951,0.9816117,0.2746867,INPUT
15.23169,0.3595128,0.8619571,-0.04586245,1.996839,0.9763808,0.2751052,INPUT
15.25266,0.3592871,0.8623394,-0.04550141,1.996014,0.9723886,0.2781834,INPUT
15.2744,0.3586883,0.8621587,-0.04515101,1.995346,0.970829,0.2806753,INPUT
15.29308,0.3587004,0.8624231,-0.04528691,1.995054,0.9744219,0.2817647,INPUT
15.30956,0.3584156,0.8623315,-0.04521456,1.995556,0.9780653,0.2798937,INPUT
15.32731,0.358328,0.8622342,-0.04495312,1.995347,0.9795308,0.2806732,INPUT
15.34823,0.3588268,0.8625515,-0.04539895,1.995123,0.9787978,0.2815068,INPUT
15.36338,0.3589724,0.8628453,-0.04560675,1.995092,0.9763293,0.2816227,INPUT
15.38361,0.359188,0.8626699,-0.04536942,1.995122,0.974877,0.2815126,INPUT
15.40052,0.3592411,0.8626791,-0.04525616,1.994695,0.9748049,0.2831051,INPUT
15.4159,0.3591881,0.8625919,-0.04514141,1.994496,0.9755243,0.2838467,INPUT
15.4318,0.3590068,0.8621663,-0.04487102,1.994223,0.975499,0.2848687,INPUT
15.44944,0.3591541,0.8619021,-0.04514261,1.994126,0.9748655,0.2852284,INPUT
15.46347,0.359224,0.8616813,-0.04505333,1.994605,0.9725792,0.2834421,INPUT
15.479,0.3591421,0.8615755,-0.04478066,1.994806,0.9700716,0.2826935,INPUT
15.495,0.3588333,0.8612739,-0.04457971,1.994618,0.9696364,0.2833946,INPUT
15.50941,0.3592814,0.8620043,-0.04497717,1.994354,0.970742,0.284378,INPUT
15.52587,0.359358,0.8627439,-0.04528085,1.994219,0.972198,0.2848818,INPUT
15.53978,0.3594441,0.8630984,-0.04559748,1.994767,0.9744475,0.282836,INPUT
15.55785,0.3588139,0.8617734,-0.04493957,1.995779,0.9745556,0.2790618,INPUT
15.57203,0.3586514,0.8613883,-0.04488989,1.996409,0.9737071,0.2767096,INPUT
15.58631,0.3591315,0.8611994,-0.04483353,1.996359,0.9714335,0.2768943,INPUT
15.60323,0.3591225,0.861133,-0.04457464,1.99562,0.9691726,0.2796552,INPUT
15.61688,0.3592209,0.8614125,-0.04448409,1.995057,0.9674187,0.2817534,INPUT
15.63042,0.3591522,0.8614152,-0.04445429,1.995085,0.9665582,0.2816485,INPUT
15.64885,0.3591482,0.8619275,-0.04476305,1.99611,0.9664055,0.2778246,INPUT
15.66521,0.3587664,0.8616083,-0.04439948,1.997104,0.9680141,0.2741164,INPUT
15.68292,0.3588968,0.8614048,-0.0444949,1.996947,0.9677294,0.2747028,INPUT
15.69934,0.3587622,0.8613802,-0.04430177,1.99665,0.9672062,0.2758088,INPUT
15.71537,0.3588003,0.8612916,-0.04398555,1.99599,0.9671662,0.2782748,INPUT
15.72971,0.3587583,0.8614075,-0.04407514,1.995601,0.9667119,0.2797236,INPUT
15.74328,0.3587048,0.8614285,-0.04409057,1.996468,0.9673976,0.2764883,INPUT
15.7621,0.3589309,0.8614213,-0.0442436,1.996878,0.9679183,0.2749603,INPUT
15.77636,0.358938,0.8615044,-0.04420875,1.996946,0.9691984,0.2747053,INPUT
15.79244,0.3590177,0.8615189,-0.04411465,1.996748,0.9691675,0.2754418,INPUT
15.80704,0.3591917,0.8619519,-0.0443243,1.996246,0.9682742,0.2773177,INPUT
15.82058,0.3592114,0.8619017,-0.04425998,1.995952,0.9673542,0.278413,INPUT
15.83641,0.3591182,0.8618051,-0.04436919,1.99599,0.9662499,0.2782719,INPUT
15.85159,0.35908,0.8619882,-0.04432527,1.996272,0.9666947,0.2772218,INPUT
15.86523,0.3590482,0.8619675,-0.04415189,1.996261,0.9673454,0.2772602,INPUT
15.88154,0.3590118,0.8619136,-0.04392475,1.996353,0.9672167,0.2769163,INPUT
15.90357,0.3592207,0.8620079,-0.04435969,1.996112,0.9670749,0.2778175,INPUT
15.91861,0.3595813,0.8619543,-0.04450324,1.995664,0.9659964,0.2794905,INPUT
15.93754,0.3596528,0.8619313,-0.04465209,1.995208,0.9649957,0.2811915,INPUT
15.95136,0.3595483,0.8616128,-0.044707,1.995616,0.9656956,0.2796685,INPUT
15.96941,0.3595029,0.8613772,-0.04462273,1.99545,0.9672364,0.2802896,INPUT
15.98387,0.3596016,0.8614161,-0.04472004,1.995304,0.9666677,0.2808335,INPUT
15.99671,0.3593812,0.8615325,-0.04443719,1.995366,0.9644153,0.2806017,INPUT
16.01533,0.359458,0.8617104,-0.04413508,1.994904,0.9657969,0.2823244,INPUT
16.02928,0.3594017,0.8615914,-0.04398608,1.994384,0.9665316,0.2842664,INPUT
16.04327,0.3596464,0.8615032,-0.04412007,1.994455,0.9670275,0.2840025,INPUT
16.05948,0.3596742,0.8613421,-0.04418531,1.994978,0.9664996,0.2820482,INPUT
16.07352,0.3597326,0.8612728,-0.04420451,1.994726,0.9656962,0.2829889,INPUT
16.08759,0.3597951,0.8611202,-0.04402637,1.994325,0.9660044,0.2844865,INPUT
16.10497,0.3596575,0.8619154,-0.04405351,1.993889,0.9670244,0.2861118,INPUT
16.11836,0.3597596,0.8624392,-0.04400418,1.993295,0.9787064,0.2883295,INPUT
16.13176,0.3596421,0.8629429,-0.04408252,1.992342,0.98459,0.2918875,INPUT
16.13176,0.3596421,0.8629429,-0.04408252,1.992342,0.98459,0.2918875,TRIGGER
16.14813,0.3597029,0.8632826,-0.04449243,1.992421,0.9915948,0.2915913,INPUT
16.16328,0.3598937,0.8637018,-0.04508604,1.992689,0.9977632,0.2905924,INPUT
16.19118,0.3602754,0.8639378,-0.0461033,1.991951,1.004188,0.293346,INPUT
16.20894,0.3604833,0.8645306,-0.04753247,1.993572,1.008088,0.287298,INPUT
16.22897,0.3605497,0.8648165,-0.04701223,1.996184,1.010323,0.2775478,INPUT
16.2429,0.360391,0.8653122,-0.04634788,1.996492,1.012224,0.2764,INPUT
16.26355,0.3603318,0.8654373,-0.04632177,1.995547,1.016334,0.2799262,INPUT
16.28501,0.3604179,0.8654455,-0.04667316,1.993462,1.022499,0.2877052,INPUT
16.29843,0.3604249,0.865217,-0.04648753,1.993597,1.021377,0.2872047,INPUT
16.31503,0.3602189,0.8652805,-0.0467037,1.993398,1.017602,0.2879475,INPUT
16.32823,0.3602574,0.864984,-0.04653309,1.992904,1.014908,0.2897897,INPUT
16.34149,0.3603647,0.8650243,-0.04681952,1.992074,1.011227,0.2928858,INPUT
16.35938,0.3603151,0.8645626,-0.04634082,1.991386,1.008752,0.2954534,INPUT
16.37347,0.3605606,0.864531,-0.04656718,1.990807,1.006639,0.2976145,INPUT
16.39087,0.3605798,0.8640921,-0.04637292,1.991881,1.007257,0.2936076,INPUT
16.40641,0.3602996,0.8637561,-0.04639363,1.992804,1.005812,0.2901634,INPUT
16.42016,0.3599737,0.8635967,-0.04642987,1.993441,1.005362,0.2877846,INPUT
16.43816,0.359766,0.8629789,-0.045974,1.993315,1.00396,0.2882564,INPUT
16.45355,0.3599682,0.8626778,-0.04597926,1.991429,0.9981713,0.2952943,INPUT
16.47664,0.3601146,0.8622391,-0.04609711,1.990365,0.9933053,0.2992637,INPUT
16.49855,0.3607456,0.8650208,-0.0473852,1.990825,0.9846824,0.2975468,INPUT
16.51966,0.3607273,0.8657063,-0.04737708,1.989581,0.975355,0.3021894,INPUT
16.54129,0.359977,0.8642667,-0.04627481,1.989204,0.9774063,0.3035962,INPUT
16.56453,0.3596666,0.8644451,-0.0465851,1.988539,0.9780014,0.3060795,INPUT
16.58548,0.3596593,0.8644021,-0.04649942,1.989699,0.9773245,0.3017523,INPUT
16.60879,0.3598267,0.8647742,-0.0464849,1.989737,0.9748755,0.301609,INPUT
16.62504,0.3599896,0.8650314,-0.04654538,1.988913,0.9741668,0.3046849,INPUT
16.64066,0.359794,0.8648353,-0.04660679,1.988373,0.9717114,0.3067005,INPUT
16.65496,0.3597793,0.8649181,-0.04659932,1.9886,0.9710796,0.3058514,INPUT
16.67046,0.3597317,0.8650935,-0.04643752,1.988864,0.9715016,0.3048667,INPUT
16.68286,0.3597524,0.8651479,-0.04629759,1.988782,0.9731126,0.3051729,INPUT
16.6964,0.35983,0.8653188,-0.04661088,1.988672,0.9731829,0.3055842,INPUT
16.70981,0.359438,0.8634178,-0.04552551,1.988394,0.9718732,0.3066213,INPUT
16.7264,0.3596361,0.8632705,-0.04556324,1.987501,0.9667629,0.3099521,INPUT
16.74169,0.3595153,0.8627459,-0.04549027,1.987628,0.9630159,0.3094802,INPUT
16.76107,0.3594145,0.8622741,-0.04523279,1.987966,0.959871,0.3082179,INPUT
16.77598,0.3591796,0.862068,-0.04516041,1.988638,0.9571726,0.305711,INPUT
16.79384,0.3590759,0.8619177,-0.04476844,1.988538,0.9563015,0.3060834,INPUT
16.81256,0.3588634,0.8621331,-0.0446762,1.987869,0.9572327,0.3085805,INPUT
16.82673,0.3588432,0.861845,-0.04439805,1.987256,0.9571154,0.3108664,INPUT
16.84026,0.359017,0.8615772,-0.04458384,1.987057,0.9557574,0.3116094,INPUT
16.85593,0.3590649,0.861297,-0.04474174,1.987439,0.9546478,0.3101862,INPUT
16.87006,0.3593034,0.8614564,-0.04511958,1.988008,0.9523323,0.3080624,INPUT
16.88501,0.3593957,0.8614553,-0.04508114,1.988266,0.9520211,0.3071008,INPUT
16.89906,0.359525,0.8616561,-0.04507127,1.987978,0.9527631,0.3081724,INPUT
16.91502,0.3597562,0.862044,-0.0451321,1.98756,0.9543887,0.3097334,INPUT
16.92888,0.3598264,0.8623393,-0.04529002,1.98744,0.9542055,0.3101832,INPUT
16.9432,0.3598539,0.8624117,-0.04546297,1.987202,0.9548092,0.3110705,INPUT
16.95948,0.3599674,0.8624764,-0.04556255,1.987573,0.9547311,0.3096853,INPUT
16.97243,0.3598044,0.8620283,-0.04529543,1.98822,0.9538316,0.3072686,INPUT
16.98575,0.3598867,0.8622046,-0.04551933,1.988457,0.9525455,0.3063846,INPUT
17.00404,0.3597664,0.86212,-0.0453094,1.988716,0.9516305,0.3054189,INPUT
17.02265,0.3598656,0.8622639,-0.04531834,1.987984,0.9517308,0.3081504,INPUT
17.03872,0.3600889,0.8624543,-0.04547861,1.987653,0.9520441,0.3093881,INPUT
17.05159,0.3601785,0.8624927,-0.0455839,1.987985,0.9523878,0.3081459,INPUT
17.06522,0.3602566,0.8625991,-0.0458133,1.98851,0.9525415,0.3061902,INPUT
17.08154,0.3603953,0.8627746,-0.04595116,1.988578,0.9532072,0.3059348,INPUT
17.09493,0.3603603,0.8629587,-0.04589776,1.98859,0.9529916,0.3058886,INPUT
17.10925,0.3603866,0.863078,-0.04585087,1.988304,0.9529611,0.3069581,INPUT
17.12593,0.3604448,0.8632893,-0.04596926,1.987794,0.9533333,0.308859,INPUT
17.13927,0.3605228,0.8636193,-0.04621214,1.987785,0.9538199,0.3088951,INPUT
17.15261,0.3604966,0.8636418,-0.04628945,1.988131,0.9554615,0.3076033,INPUT
17.17069,0.3605996,0.8637452,-0.04626612,1.988304,0.9561961,0.3069559,INPUT
17.18395,0.3604699,0.8635799,-0.04617889,1.988206,0.9564889,0.3073233,INPUT
17.19876,0.3607138,0.8635088,-0.04626278,1.987876,0.9561089,0.3085531,INPUT
17.21434,0.3607753,0.8635185,-0.04617821,1.98746,0.9564691,0.3101053,INPUT
17.23275,0.3609227,0.863564,-0.04623109,1.98715,0.9567444,0.3112619,INPUT
17.24739,0.3609798,0.8636807,-0.0463189,1.987316,0.9572277,0.3106442,INPUT
17.2608,0.3610843,0.8638632,-0.04624183,1.988321,0.9605742,0.3068946,INPUT
17.27571,0.3610229,0.8642544,-0.04663996,1.9884,0.9618039,0.3065991,INPUT
17.29226,0.3604519,0.8634156,-0.04608548,1.987726,0.9661183,0.3091134,INPUT
17.30591,0.3604961,0.8637524,-0.04612243,1.986858,0.9696218,0.312352,INPUT
17.31942,0.3607645,0.8643142,-0.046462,1.98636,0.9747662,0.3142128,INPUT
17.33713,0.3607528,0.8647515,-0.04693659,1.986175,0.9814528,0.3149032,INPUT
17.35088,0.3607996,0.8649879,-0.04731578,1.987399,0.9873006,0.3103341,INPUT
17.3648,0.3606902,0.8652446,-0.04780955,1.989222,0.9903039,0.3035295,INPUT
17.3648,0.3606902,0.8652446,-0.04780955,1.989222,0.9903039,0.3035295,TRIGGER
17.38133,0.3607819,0.865666,-0.04825407,1.990357,0.9939992,0.2992942,INPUT
17.39677,0.3611404,0.8660768,-0.04879186,1.990919,0.9976038,0.2971965,INPUT
17.41872,0.361258,0.8666457,-0.04884743,1.991125,1.000847,0.2964288,INPUT
17.43743,0.3612491,0.8666949,-0.04891143,1.990865,1.005754,0.2974003,INPUT
17.45146,0.3613487,0.867507,-0.04886579,1.9906,1.007084,0.2983902,INPUT
17.46529,0.3614079,0.8676842,-0.04880029,1.990432,1.009548,0.2990153,INPUT
17.48652,0.3614444,0.8677466,-0.04884341,1.990514,1.010102,0.2987112,INPUT
17.50793,0.3612424,0.8675421,-0.04884791,1.989034,1.010355,0.304232,INPUT
17.52194,0.3611794,0.8674325,-0.04888231,1.988157,1.008825,0.3075052,INPUT
17.53702,0.3614208,0.867391,-0.04922722,1.989126,1.005478,0.3038876,INPUT
17.55081,0.3615503,0.8674678,-0.04936002,1.990482,1.003258,0.2988294,INPUT
17.56418,0.3615916,0.8675138,-0.04922936,1.990556,1.002159,0.298555,INPUT
17.58148,0.3613468,0.867489,-0.04926009,1.990185,1.00298,0.2999379,INPUT
17.59525,0.361444,0.867726,-0.04932042,1.990454,1.002456,0.2989311,INPUT
17.60893,0.3614519,0.8677592,-0.04927013,1.989977,1.003064,0.3007117,INPUT
17.62619,0.361416,0.8677819,-0.04940318,1.989187,1.003592,0.3036634,INPUT
17.64448,0.3615171,0.8676146,-0.04940479,1.989076,1.003219,0.3040773,INPUT
17.66116,0.3616655,0.8674297,-0.04932351,1.989348,1.001724,0.3030606,INPUT
17.67552,0.3615043,0.867354,-0.04939979,1.989407,0.9994963,0.302841,INPUT
17.69491,0.3619422,0.8677599,-0.04959917,1.989323,0.9989639,0.303154,INPUT
17.72013,0.3620304,0.8680415,-0.0495642,1.988943,0.9997014,0.3045732,INPUT
17.73759,0.3616422,0.8686001,-0.04978454,1.989249,1.000439,0.3034312,INPUT
17.75265,0.3617259,0.868854,-0.05006853,1.98927,1.001911,0.3033509,INPUT
17.77077,0.361896,0.8691844,-0.05003755,1.989131,1.001463,0.3038698,INPUT
17.78673,0.3616669,0.8685811,-0.04968812,1.989121,1.000718,0.3039071,INPUT
17.8058,0.3617924,0.8685927,-0.04949221,1.987571,1.000924,0.3096926,INPUT
17.82288,0.3614979,0.8678755,-0.04902796,1.986211,0.9994102,0.3147667,INPUT
17.84128,0.3612035,0.8670601,-0.04896538,1.98635,0.9910613,0.3142511,INPUT
17.86652,0.3602418,0.865871,-0.04842166,1.988245,0.9739809,0.3071783,INPUT
17.88379,0.3583452,0.865442,-0.047525,1.987277,0.9635727,0.310789,INPUT
17.89923,0.3566388,0.8661358,-0.04613052,1.986519,0.9669804,0.3136184,INPUT
17.91734,0.3546106,0.8669474,-0.04459654,1.98184,0.9804633,0.3310815,INPUT
17.93118,0.353125,0.8674127,-0.04345369,1.980126,0.9897687,0.3374772,INPUT
17.96189,0.3502317,0.8681481,-0.04037626,1.978812,0.9973686,0.3423817,INPUT
17.98596,0.3485978,0.8680856,-0.03885984,1.973046,1.002799,0.3638983,INPUT
18.00333,0.3475651,0.8679271,-0.03737796,1.971689,1.002164,0.3689662,INPUT
18.02564,0.3462551,0.867551,-0.03538454,1.967766,1.002245,0.3836053,INPUT
18.04865,0.3454023,0.8667439,-0.03431264,1.963,1.001984,0.4013932,INPUT
18.0731,0.3448169,0.8659864,-0.03370051,1.961573,0.9985932,0.4067165,INPUT
18.09286,0.3441923,0.8651677,-0.03293581,1.960798,0.9949042,0.4096102,INPUT
18.11443,0.3436758,0.8648863,-0.03275906,1.960468,0.9923376,0.4108416,INPUT
18.13737,0.3429515,0.8653239,-0.03231771,1.960614,0.9914173,0.4102961,INPUT
18.15932,0.3420517,0.866119,-0.03191214,1.96014,0.9969735,0.412067,INPUT
18.18165,0.3412018,0.8669648,-0.03163327,1.958926,1.007252,0.416596,INPUT
18.20352,0.3406079,0.8673102,-0.03213996,1.95863,1.01482,0.4177002,INPUT
18.22543,0.3402537,0.867602,-0.03314008,1.959133,1.019674,0.4158233,INPUT
18.2483,0.3399174,0.8673362,-0.03435712,1.95999,1.023679,0.4126258,INPUT
18.27151,0.3397885,0.8669882,-0.03609633,1.961316,1.021006,0.4076759,INPUT
18.3051,0.3387947,0.8678609,-0.03891905,1.961316,1.021006,0.4076759,INPUT
18.32282,0.3376822,0.869531,-0.04136005,1.961316,1.021006,0.4076759,INPUT
18.34275,0.3367087,0.8714233,-0.04333661,1.961316,1.021006,0.4076759,INPUT
18.3633,0.3357654,0.8737851,-0.04674649,1.961316,1.021006,0.4076759,INPUT
18.38409,0.3353913,0.8755975,-0.05040836,1.961316,1.021006,0.4076759,INPUT
18.40633,0.3355024,0.8771466,-0.05531758,1.961316,1.021006,0.4076759,INPUT
18.42568,0.3355106,0.8786374,-0.06074657,1.961316,1.021006,0.4076759,INPUT
18.4481,0.3344179,0.8808526,-0.06774743,1.961316,1.021006,0.4076759,INPUT
18.47177,0.3327099,0.8831955,-0.07421608,1.961316,1.021006,0.4076759,INPUT
18.49121,0.3316772,0.8860437,-0.0795233,1.961316,1.021006,0.4076759,INPUT
18.51227,0.3310113,0.8886601,-0.08443811,1.961316,1.021006,0.4076759,INPUT
18.52684,0.3302653,0.8913205,-0.08918737,1.961316,1.021006,0.4076759,INPUT
18.54001,0.3298312,0.892881,-0.09274472,1.961316,1.021006,0.4076759,INPUT
18.55363,0.3290165,0.8923569,-0.09545106,1.961316,1.021006,0.4076759,INPUT
18.57036,0.3285724,0.8934157,-0.1000049,1.961316,1.021006,0.4076759,INPUT
18.58315,0.3284991,0.8943112,-0.1040492,1.961316,1.021006,0.4076759,INPUT
18.59591,0.3282136,0.8951432,-0.1074866,1.961316,1.021006,0.4076759,INPUT
18.60848,0.3277365,0.895988,-0.1110202,1.961316,1.021006,0.4076759,INPUT
18.62638,0.326719,0.8973333,-0.1160006,1.961316,1.021006,0.4076759,INPUT
18.6426,0.3257662,0.8985049,-0.1199373,1.961316,1.021006,0.4076759,INPUT
18.65903,0.3248621,0.8997685,-0.124541,1.961316,1.021006,0.4076759,INPUT
18.67249,0.3237782,0.9008357,-0.1291355,1.961316,1.021006,0.4076759,INPUT
18.68549,0.3231409,0.9011454,-0.1326155,1.961316,1.021006,0.4076759,INPUT
18.69858,0.3234328,0.9014898,-0.1369997,1.961316,1.021006,0.4076759,INPUT
18.71767,0.3230115,0.9016533,-0.1417201,1.961316,1.021006,0.4076759,INPUT
18.73049,0.3224776,0.9017304,-0.1467581,1.961316,1.021006,0.4076759,INPUT
18.74829,0.3215894,0.9020697,-0.1525266,1.961316,1.021006,0.4076759,INPUT
18.76107,0.3202721,0.9027959,-0.1575889,1.961316,1.021006,0.4076759,INPUT
18.77384,0.319038,0.9033861,-0.162223,1.961316,1.021006,0.4076759,INPUT
18.78759,0.3177157,0.9041171,-0.166992,1.961316,1.021006,0.4076759,INPUT
18.8039,0.3163669,0.9048616,-0.1724536,1.961316,1.021006,0.4076759,INPUT
18.81717,0.315003,0.9053411,-0.1773077,1.961316,1.021006,0.4076759,INPUT
18.83044,0.3137685,0.9055151,-0.182064,1.961316,1.021006,0.4076759,INPUT
18.8489,0.311854,0.9065776,-0.1890933,1.961316,1.021006,0.4076759,INPUT
18.86987,0.3095695,0.9072488,-0.1978136,1.961316,1.021006,0.4076759,INPUT
18.89401,0.3068854,0.907589,-0.20667,1.961316,1.021006,0.4076759,INPUT
18.91726,0.3042392,0.908309,-0.2160959,1.961316,1.021006,0.4076759,INPUT
18.9446,0.3006553,0.9077631,-0.2256292,1.961316,1.021006,0.4076759,INPUT
18.96251,0.2954496,0.9072213,-0.2357263,1.961316,1.021006,0.4076759,INPUT
18.98374,0.2907469,0.9058663,-0.2453355,1.961316,1.021006,0.4076759,INPUT
19.0048,0.2865409,0.9043897,-0.2543246,1.961316,1.021006,0.4076759,INPUT
19.02714,0.2826627,0.9029723,-0.2623186,1.961316,1.021006,0.4076759,INPUT
19.04843,0.2798801,0.9014243,-0.2692157,1.961316,1.021006,0.4076759,INPUT
19.07108,0.2780602,0.9006133,-0.2763174,1.961316,1.021006,0.4076759,INPUT
19.09369,0.2751454,0.8999549,-0.2834536,1.961316,1.021006,0.4076759,INPUT
19.11488,0.2723582,0.8989598,-0.2903385,1.961316,1.021006,0.4076759,INPUT
19.13989,0.269222,0.900106,-0.2961521,1.961316,1.021006,0.4076759,INPUT
19.16597,0.2661669,0.9024137,-0.3011624,1.961316,1.021006,0.4076759,INPUT
19.18334,0.2624921,0.9041845,-0.3051727,1.961316,1.021006,0.4076759,INPUT
19.20478,0.2593892,0.9054596,-0.308475,1.961316,1.021006,0.4076759,INPUT
19.2262,0.2562604,0.9063666,-0.3122539,1.961316,1.021006,0.4076759,INPUT
19.24792,0.2519664,0.9070771,-0.3179373,1.961316,1.021006,0.4076759,INPUT
19.27108,0.2483477,0.9079793,-0.3222444,1.961316,1.021006,0.4076759,INPUT
19.2923,0.2441729,0.9078618,-0.3265013,1.961316,1.021006,0.4076759,INPUT
19.315,0.240275,0.9087703,-0.3311017,1.961316,1.021006,0.4076759,INPUT
19.33677,0.2361144,0.9090723,-0.3362174,1.961316,1.021006,0.4076759,INPUT
19.34945,0.2339586,0.9093609,-0.3385305,1.961316,1.021006,0.4076759,INPUT
19.36704,0.2318923,0.9098215,-0.3406845,1.961316,1.021006,0.4076759,INPUT
19.58865,0.2150423,0.9037465,-0.3483688,3.971063,0.9706323,-3.121923,INPUT
19.60328,0.2148617,0.9030862,-0.3472835,3.990885,0.9532773,-3.08759,INPUT
19.61716,0.2148035,0.9024689,-0.3460997,4.004816,0.9365634,-3.06346,INPUT
19.63064,0.2135082,0.8993845,-0.3444709,4.019665,0.9233577,-3.03774,INPUT
19.64778,0.2137917,0.897944,-0.3422519,4.039542,0.916907,-3.003311,INPUT
19.66119,0.2138419,0.8969923,-0.3407046,4.076129,0.904135,-2.93994,INPUT
19.67455,0.2140564,0.8967396,-0.3392887,4.103173,0.8969567,-2.893099,INPUT
19.6927,0.2136876,0.8961081,-0.3371815,4.125285,0.8948752,-2.854801,INPUT
19.70674,0.2135548,0.8963239,-0.3355767,4.150117,0.9041102,-2.811789,INPUT
19.72015,0.2136185,0.8966072,-0.3339629,4.170414,0.9181096,-2.776634,INPUT
19.73701,0.2136507,0.8969889,-0.3321204,4.189527,0.9281929,-2.743529,INPUT
19.75159,0.2134789,0.897191,-0.3308789,4.208897,0.9392395,-2.709979,INPUT
19.76859,0.2144992,0.8997082,-0.3309703,4.218574,0.948052,-2.693218,INPUT
19.79133,0.2152762,0.9017454,-0.3293406,4.228332,0.9555689,-2.676316,INPUT
19.80853,0.2151464,0.9007165,-0.3272555,4.243608,0.9581299,-2.649858,INPUT
19.84381,0.2144166,0.8996521,-0.3255168,4.269412,0.9440984,-2.605164,INPUT
19.86228,0.2154464,0.9022683,-0.3263833,4.289572,0.9236414,-2.570246,INPUT
19.8761,0.2150845,0.9022543,-0.3257667,4.291794,0.9320053,-2.566396,INPUT
19.89576,0.214831,0.9021409,-0.3249103,4.291068,0.943967,-2.567654,INPUT
19.9096,0.2146839,0.9019668,-0.3244239,4.293479,0.9552285,-2.563478,INPUT
19.9397,0.2148647,0.9022845,-0.3237469,4.295181,0.9598461,-2.56053,INPUT
19.96201,0.2151525,0.9015336,-0.3233913,4.310019,0.9549963,-2.534828,INPUT
19.98583,0.2156538,0.9014559,-0.3233145,4.321954,0.939015,-2.514157,INPUT
20.02287,0.2156787,0.9008756,-0.3233719,4.330137,0.921477,-2.499984,INPUT
20.05243,0.215882,0.9023839,-0.324201,4.324455,0.9221164,-2.509825,INPUT
20.07399,0.2158479,0.9029371,-0.3242262,4.321128,0.9588998,-2.515586,INPUT
20.09504,0.2158087,0.9029512,-0.3246523,4.320676,0.9735904,-2.516371,INPUT
20.11775,0.2164464,0.9038531,-0.3256233,4.31838,0.9722896,-2.520346,INPUT
20.14108,0.2167994,0.9037372,-0.3259657,4.322452,0.9608158,-2.513295,INPUT
20.1651,0.2170858,0.904178,-0.3258764,4.326708,0.9561538,-2.505924,INPUT
20.1867,0.2170267,0.9039758,-0.3257464,4.335423,0.9772323,-2.490829,INPUT
20.21271,0.2170415,0.9038926,-0.3263912,4.340466,0.992669,-2.482093,INPUT
20.22965,0.2171262,0.9034612,-0.3271269,4.332797,0.9906645,-2.495377,INPUT
20.24923,0.2171183,0.9026944,-0.32765,4.326269,0.9762399,-2.506685,INPUT
20.27192,0.2177655,0.9026291,-0.3279049,4.326169,0.9647248,-2.506858,INPUT
20.29286,0.2180185,0.9025587,-0.3276601,4.33331,0.9607477,-2.494488,INPUT
20.31488,0.2182853,0.902801,-0.3275313,4.340557,0.9695682,-2.481935,INPUT
20.33815,0.2184981,0.9028,-0.3276732,4.345418,0.9804462,-2.473516,INPUT
20.35905,0.218624,0.9026868,-0.3279756,4.346146,0.9790649,-2.472255,INPUT
20.38298,0.2187966,0.9027675,-0.3279994,4.343387,0.9725282,-2.477034,INPUT
20.40432,0.2186445,0.9030443,-0.3277554,4.342371,0.9743356,-2.478794,INPUT
20.40432,0.2186445,0.9030443,-0.3277554,4.342371,0.9743356,-2.478794,TRIGGER
20.43028,0.2188856,0.9030751,-0.3271736,4.345851,0.9853535,-2.472765,INPUT
20.45258,0.2189075,0.9031196,-0.3269491,4.353813,0.9849738,-2.458976,INPUT
20.47496,0.2192596,0.904022,-0.3270339,4.357993,0.9817761,-2.451735,INPUT
20.49809,0.2194194,0.9043251,-0.3260752,4.357904,0.9811568,-2.451889,INPUT
20.51785,0.2195356,0.9048953,-0.3252141,4.366809,0.9953513,-2.436466,INPUT
20.53126,0.2195674,0.9051935,-0.3247568,4.377078,1.010733,-2.418678,INPUT
20.55105,0.2197625,0.905459,-0.32428,4.382931,1.018525,-2.408542,INPUT
20.56471,0.2197302,0.9054485,-0.3241055,4.387201,1.017956,-2.401145,INPUT
20.58148,0.2195932,0.9053097,-0.324135,4.384415,1.009699,-2.405971,INPUT
20.5952,0.219489,0.9052492,-0.3240955,4.377558,0.9974477,-2.417848,INPUT
20.60905,0.2194687,0.9053815,-0.3237976,4.37455,0.9934561,-2.423058,INPUT
20.62908,0.2195691,0.9058344,-0.3231019,4.377578,0.9992526,-2.417813,INPUT
20.64291,0.2194985,0.9057565,-0.3228169,4.390731,1.021595,-2.395031,INPUT
20.65907,0.2196776,0.9057379,-0.3223486,4.402097,1.038136,-2.375343,INPUT
20.67292,0.2197954,0.9055613,-0.322276,4.405322,1.032351,-2.369759,INPUT
20.68693,0.2197493,0.9053431,-0.3225965,4.402497,1.019065,-2.374651,INPUT
20.70656,0.219511,0.9053106,-0.3229887,4.39474,1.007289,-2.388088,INPUT
20.7203,0.2191039,0.9050786,-0.3232457,4.389665,1.001507,-2.396878,INPUT
20.73979,0.2194507,0.9055913,-0.3228419,4.387215,1.001081,-2.401122,INPUT
20.7543,0.2196656,0.9060501,-0.3222698,4.398812,1.018891,-2.381034,INPUT
20.77435,0.2199653,0.9064007,-0.3217479,4.411232,1.034716,-2.359521,INPUT
20.79511,0.2205096,0.9063824,-0.3215114,4.425897,1.043231,-2.334123,INPUT
20.80908,0.220592,0.9063092,-0.3217149,4.430595,1.033624,-2.325984,INPUT
20.82814,0.2206912,0.9062214,-0.3219238,4.427379,1.025918,-2.331555,INPUT
20.84225,0.2207932,0.9062951,-0.3220904,4.423725,1.020826,-2.337884,INPUT
20.85967,0.2208944,0.9063713,-0.3222841,4.420011,1.019965,-2.344317,INPUT
20.8813,0.2204481,0.9053581,-0.3222915,4.417577,1.020104,-2.348532,INPUT
20.90335,0.2205146,0.9053165,-0.3225573,4.416669,1.015093,-2.350105,INPUT
20.9258,0.2204244,0.9054145,-0.3228782,4.414368,1.011284,-2.35409,INPUT
20.94794,0.2204113,0.9055207,-0.323137,4.406795,1.009074,-2.367209,INPUT
20.96999,0.2204878,0.9057559,-0.3234391,4.402655,1.007481,-2.374379,INPUT
20.99238,0.2205986,0.9059227,-0.3235662,4.402521,1.00495,-2.37461,INPUT
21.01556,0.2206927,0.9060914,-0.3236977,4.404051,1.004908,-2.371961,INPUT
21.04012,0.2205921,0.9059712,-0.3240077,4.40493,1.006002,-2.370437,INPUT
21.06199,0.220401,0.9056652,-0.324515,4.400765,1.000709,-2.377651,INPUT
21.08287,0.2202063,0.905601,-0.3246557,4.389533,0.9933195,-2.397106,INPUT
21.10514,0.2203436,0.905658,-0.3245504,4.385983,0.9965347,-2.403255,INPUT
21.12569,0.2200871,0.9049331,-0.3241411,4.389353,1.000598,-2.397418,INPUT
21.14778,0.2200188,0.904877,-0.3242795,4.395247,1.000717,-2.38721,INPUT
21.17075,0.2196794,0.904781,-0.3247515,4.393894,0.9986513,-2.389552,INPUT
21.19254,0.2194368,0.9046816,-0.3251389,4.381263,0.9949256,-2.411431,INPUT
21.21428,0.2193424,0.9045672,-0.325607,4.371715,0.9924462,-2.427968,INPUT
21.23817,0.21948,0.9044411,-0.3255084,4.369141,0.9925743,-2.432427,INPUT
21.26312,0.2195789,0.9043798,-0.3252431,4.375073,0.9958907,-2.422152,INPUT
21.28155,0.2197226,0.9042715,-0.3252727,4.382106,1.000643,-2.40997,INPUT
21.30348,0.2198487,0.9039897,-0.3255315,4.384836,0.9974667,-2.405242,INPUT
21.32764,0.2197472,0.9035431,-0.3258524,4.385292,0.9876894,-2.404452,INPUT
21.35142,0.2198007,0.9036878,-0.3258589,4.384142,0.9800292,-2.406443,INPUT
21.37274,0.219773,0.9040892,-0.3256944,4.385051,0.9869193,-2.40487,INPUT
21.39337,0.2197946,0.9042583,-0.3256203,4.38944,1.000547,-2.397269,INPUT
21.40777,0.2197812,0.9042817,-0.3257881,4.391847,1.004404,-2.393098,INPUT
21.42642,0.2197724,0.9043279,-0.3259783,4.389344,1.001049,-2.397432,INPUT
21.44153,0.2197877,0.9043664,-0.3260924,4.385498,0.9978865,-2.404096,INPUT
21.46601,0.2198553,0.9045156,-0.3260743,4.38181,0.9953735,-2.410484,INPUT
21.48946,0.2198962,0.9047355,-0.3260297,4.381694,0.9996495,-2.410684,INPUT
21.50653,0.2200195,0.9048735,-0.32551,4.387839,1.011042,-2.400039,INPUT
21.50653,0.2200195,0.9048735,-0.32551,4.387839,1.011042,-2.400039,TRIGGER
21.52282,0.2201384,0.9049277,-0.3252433,4.398674,1.022678,-2.381274,INPUT
21.5405,0.2200495,0.9047113,-0.3254679,4.404486,1.027399,-2.371207,INPUT
21.56213,0.2198105,0.9044952,-0.3257399,4.396202,1.019326,-2.385556,INPUT
21.57659,0.2197948,0.9044075,-0.3257318,4.387405,1.017237,-2.400791,INPUT
21.59544,0.2198873,0.9042767,-0.3255307,4.385747,1.017622,-2.403663,INPUT
21.60868,0.2200544,0.9041919,-0.3252625,4.392364,1.016121,-2.392204,INPUT
21.62862,0.2201414,0.9039768,-0.3249667,4.399073,1.01472,-2.380582,INPUT
21.64278,0.2200899,0.9035943,-0.3246509,4.407565,1.01036,-2.365875,INPUT
21.66221,0.2199627,0.9034424,-0.3247316,4.410326,1.009066,-2.361092,INPUT
21.67561,0.2197286,0.9034032,-0.3249171,4.407418,1.007848,-2.366128,INPUT
21.69273,0.2195439,0.9033394,-0.3251315,4.401475,1.006521,-2.376422,INPUT
21.70623,0.2194909,0.9032382,-0.3252992,4.398145,1.00569,-2.38219,INPUT
21.71973,0.2194519,0.9030753,-0.3254696,4.395975,1.002515,-2.385949,INPUT
21.73733,0.2194259,0.9028801,-0.3256516,4.394098,0.9990134,-2.3892,INPUT
21.75112,0.2194482,0.9027795,-0.3257384,4.392454,0.9951857,-2.392047,INPUT
21.7645,0.2194505,0.9027092,-0.3258653,4.393148,0.9943649,-2.390845,INPUT
21.78376,0.2194333,0.9025674,-0.326055,4.393463,0.9930871,-2.390299,INPUT
21.79771,0.2194275,0.9030714,-0.3263506,4.390932,0.9913354,-2.394684,INPUT
21.81686,0.2194613,0.9028752,-0.3266167,4.38729,0.9904342,-2.40099,INPUT
21.84032,0.2203068,0.904214,-0.3275666,4.385098,0.9845341,-2.404788,INPUT
21.86212,0.220434,0.9044302,-0.3277423,4.384954,0.9823382,-2.405038,INPUT
21.88916,0.2204618,0.9046655,-0.32763,4.384411,0.9839803,-2.405977,INPUT
21.90395,0.2206459,0.9054005,-0.3274029,4.386376,0.9933197,-2.402574,INPUT
21.92526,0.2206619,0.9056428,-0.3272415,4.388612,1.004263,-2.398703,INPUT
21.94878,0.220617,0.9057063,-0.3272478,4.388118,1.007096,-2.399557,INPUT
21.97003,0.2202266,0.9052859,-0.3272167,4.383383,1.001184,-2.407758,INPUT
21.99227,0.2202456,0.9054053,-0.3269921,4.382095,1.000255,-2.40999,INPUT
22.01463,0.2203743,0.9054929,-0.3266897,4.386138,1.004833,-2.402987,INPUT
22.03654,0.2204837,0.9055299,-0.32647,4.39217,1.007882,-2.392538,INPUT
22.05893,0.2203509,0.905342,-0.3264482,4.393721,1.007645,-2.389852,INPUT
22.08144,0.2204117,0.9051194,-0.3265521,4.390567,1.002932,-2.395315,INPUT
22.1075,0.2205195,0.9049176,-0.3265492,4.386733,0.9939731,-2.401956,INPUT
22.12735,0.2206866,0.9048381,-0.3262833,4.385987,0.989863,-2.403247,INPUT
22.14928,0.2208586,0.9047716,-0.3259539,4.390862,0.9927486,-2.394804,INPUT
22.17087,0.2207403,0.9043451,-0.3255871,4.396575,0.9933978,-2.384907,INPUT
22.1941,0.2200171,0.9029855,-0.3251227,4.397937,0.9901859,-2.38255,INPUT
22.21772,0.2199599,0.9031231,-0.3252039,4.396689,0.9885573,-2.384712,INPUT
22.23786,0.2199062,0.9032263,-0.3250907,4.395718,0.9906651,-2.386393,INPUT
22.25991,0.2197578,0.903298,-0.3248731,4.397537,0.9963627,-2.383244,INPUT
22.28093,0.2196256,0.903227,-0.3248538,4.399021,0.9988012,-2.380672,INPUT
22.30325,0.2194699,0.9030977,-0.3249625,4.399282,1.000954,-2.380221,INPUT
22.32145,0.21963,0.9035263,-0.3252806,4.396303,0.9977328,-2.385379,INPUT
22.33582,0.2195284,0.9034514,-0.3253776,4.394096,0.9968686,-2.389202,INPUT
22.34896,0.2194808,0.9034364,-0.3254007,4.39171,0.9954654,-2.393337,INPUT
22.36337,0.2194822,0.9034286,-0.3253762,4.391202,0.9963617,-2.394216,INPUT
22.38095,0.2194721,0.9035085,-0.3253635,4.392076,0.9980144,-2.392701,INPUT
22.39697,0.2195001,0.9034101,-0.3253308,4.392447,0.9998133,-2.392058,INPUT
22.41483,0.2195343,0.9032375,-0.3252995,4.393325,0.9980718,-2.390538,INPUT
22.42865,0.2195455,0.9030851,-0.3252762,4.393765,0.9949771,-2.389776,INPUT
22.4423,0.2195081,0.9028915,-0.3253064,4.393859,0.9918825,-2.389614,INPUT
22.45954,0.2197365,0.9031398,-0.3254227,4.392729,0.9884232,-2.391571,INPUT
22.47408,0.2197741,0.9030244,-0.3253343,4.392597,0.9845388,-2.3918,INPUT
22.49405,0.2198591,0.9028927,-0.3251514,4.393307,0.9832036,-2.39057,INPUT
22.50901,0.2199185,0.9027163,-0.3250552,4.394456,0.982366,-2.38858,INPUT
22.52935,0.219987,0.9024843,-0.3249776,4.394135,0.9780861,-2.389136,INPUT
22.54396,0.2200067,0.9022009,-0.324974,4.393087,0.9707701,-2.39095,INPUT
22.56068,0.2199038,0.9019153,-0.3250823,4.39176,0.9618171,-2.393249,INPUT
22.57668,0.2197079,0.901676,-0.3255605,4.386426,0.9527107,-2.402488,INPUT
22.59327,0.219448,0.9014416,-0.3255523,4.379596,0.9488641,-2.414318,INPUT
22.60838,0.2194133,0.9014831,-0.3253278,4.375507,0.950098,-2.4214,INPUT
22.62741,0.2194875,0.9016485,-0.3248582,4.376512,0.9553038,-2.419661,INPUT
22.64279,0.2195737,0.9017802,-0.3244932,4.383027,0.9651561,-2.408376,INPUT
22.66017,0.2195705,0.9017826,-0.3243739,4.389631,0.9708841,-2.396938,INPUT
22.67558,0.2194926,0.9017562,-0.3243489,4.391769,0.9714297,-2.393234,INPUT
22.7047,0.2191843,0.901854,-0.3243699,4.390563,0.9711758,-2.395323,INPUT
22.72679,0.2190009,0.9017551,-0.3242387,4.385166,0.9699479,-2.404672,INPUT
22.72679,0.2190009,0.9017551,-0.3242387,4.385166,0.9699479,-2.404672,TRIGGER
22.75324,0.2193275,0.9026278,-0.3243142,4.385564,0.9731524,-2.403982,INPUT
22.77361,0.2193143,0.902922,-0.3238905,4.390241,0.9844052,-2.395879,INPUT
22.79479,0.2192692,0.9027631,-0.3235395,4.394461,0.9951515,-2.388572,INPUT
22.81698,0.2192589,0.9024032,-0.3232501,4.394313,0.9909622,-2.388827,INPUT
22.83977,0.2191361,0.9020403,-0.3229096,4.390185,0.977594,-2.395977,INPUT
22.86189,0.2194001,0.9022367,-0.322358,4.389163,0.9700268,-2.397745,INPUT
22.88432,0.2198156,0.9029872,-0.3216237,4.401456,0.981546,-2.376455,INPUT
22.90324,0.2198465,0.9030495,-0.3210278,4.415557,0.9951037,-2.352031,INPUT
22.92571,0.2197628,0.9032248,-0.3206809,4.420897,1.000704,-2.342782,INPUT
22.94795,0.2194648,0.9030797,-0.320702,4.418414,1.002051,-2.347084,INPUT
22.97297,0.2193024,0.9028643,-0.3206245,4.414447,0.9974296,-2.353952,INPUT
22.99572,0.2194107,0.9029225,-0.3203057,4.410696,0.9888359,-2.360451,INPUT
23.01797,0.2192661,0.9031457,-0.319937,4.415159,0.9940314,-2.352721,INPUT
23.03989,0.2193034,0.9031674,-0.3195737,4.419437,1.00468,-2.34531,INPUT
23.0615,0.2194303,0.9030052,-0.3193211,4.422874,1.00488,-2.339357,INPUT
23.08351,0.2195159,0.9028465,-0.3192795,4.422684,0.9949431,-2.339687,INPUT
23.10632,0.2200466,0.9026344,-0.3188855,4.420198,0.9869847,-2.343992,INPUT
23.12564,0.220153,0.9027652,-0.3184905,4.422011,0.9820376,-2.340853,INPUT
23.14752,0.2208072,0.9041939,-0.3184941,4.42697,0.9894663,-2.332263,INPUT
23.16998,0.2208685,0.904193,-0.3183759,4.430174,0.9971341,-2.326714,INPUT
23.1958,0.2209001,0.90402,-0.3184433,4.429792,0.9957743,-2.327374,INPUT
23.21625,0.220972,0.9037765,-0.3185539,4.425127,0.987779,-2.335455,INPUT
23.23199,0.2208524,0.9037088,-0.3186321,4.421438,0.9792175,-2.341846,INPUT
23.24851,0.2209344,0.9036292,-0.3185472,4.421297,0.9768098,-2.34209,INPUT
23.26398,0.2211105,0.9036043,-0.3185924,4.422987,0.9760447,-2.339162,INPUT
23.28083,0.2212172,0.9037274,-0.318316,4.424949,0.9766158,-2.335763,INPUT
23.29423,0.2212465,0.9037336,-0.3182223,4.427783,0.984247,-2.330854,INPUT
23.30757,0.2212851,0.9037446,-0.3181621,4.427522,0.9863415,-2.331308,INPUT
23.32586,0.2213287,0.9035435,-0.3182771,4.427454,0.9872206,-2.331424,INPUT
23.34036,0.2212985,0.9035636,-0.3182836,4.42611,0.9788545,-2.333754,INPUT
23.35458,0.2213325,0.9034519,-0.318352,4.426363,0.9736134,-2.333316,INPUT
23.36979,0.2213449,0.9033701,-0.3183389,4.426369,0.969247,-2.333304,INPUT
23.38326,0.2213534,0.9033306,-0.3183457,4.427181,0.9683202,-2.331898,INPUT
23.40086,0.2213446,0.9033493,-0.3183532,4.427271,0.9673355,-2.33174,INPUT
23.4157,0.2211994,0.9034479,-0.3184053,4.427555,0.9691057,-2.331251,INPUT
23.43069,0.2211448,0.903492,-0.3184683,4.426205,0.9743693,-2.333588,INPUT
23.44774,0.2207269,0.9027116,-0.3183203,4.42455,0.9756461,-2.336455,INPUT
23.46124,0.2206795,0.9027869,-0.3184309,4.423971,0.9781655,-2.337457,INPUT
23.47631,0.2206994,0.902776,-0.3185364,4.423809,0.9787251,-2.337739,INPUT
23.49381,0.2207611,0.902663,-0.3186696,4.42457,0.9767672,-2.33642,INPUT
23.51102,0.2207469,0.9025599,-0.3188207,4.423914,0.9716108,-2.337555,INPUT
23.5256,0.2208155,0.9025111,-0.3188619,4.422923,0.9684663,-2.339273,INPUT
23.5389,0.2207599,0.9023889,-0.3188783,4.42197,0.966134,-2.340923,INPUT
23.55212,0.2207653,0.9023459,-0.3189894,4.422598,0.9682571,-2.339836,INPUT
23.56986,0.2207516,0.9023208,-0.319165,4.421246,0.9672544,-2.342179,INPUT
23.58318,0.2206731,0.9023672,-0.3193193,4.419632,0.9657333,-2.344973,INPUT
23.59681,0.2204206,0.9024324,-0.319524,4.415904,0.9701422,-2.351431,INPUT
23.61732,0.2202093,0.9025511,-0.3196655,4.409522,0.9771348,-2.362484,INPUT
23.6314,0.2196828,0.9030467,-0.3195609,4.393534,0.9825728,-2.390177,INPUT
23.65057,0.2184107,0.9039983,-0.319433,4.393534,0.9825728,-2.390177,INPUT
23.6647,0.2176033,0.9046039,-0.3193539,4.393534,0.9825728,-2.390177,INPUT
23.68757,0.2165184,0.9052236,-0.3191613,4.393534,0.9825728,-2.390177,INPUT
23.7042,0.2158894,0.905553,-0.3188101,4.393534,0.9825728,-2.390177,INPUT
23.7188,0.2152819,0.9049087,-0.3179881,4.393534,0.9825728,-2.390177,INPUT
23.73976,0.2151803,0.9038073,-0.3180211,4.393534,0.9825728,-2.390177,INPUT
23.76287,0.2156068,0.9028053,-0.3172675,4.393534,0.9825728,-2.390177,INPUT
23.78219,0.2155418,0.9030041,-0.3160048,4.393534,0.9825728,-2.390177,INPUT
23.8042,0.2156953,0.9042197,-0.3156326,4.393534,0.9825728,-2.390177,INPUT
23.83058,0.2151491,0.9040472,-0.3145065,4.393534,0.9825728,-2.390177,INPUT
23.85387,0.2148674,0.9047103,-0.3130495,4.393534,0.9825728,-2.390177,INPUT
23.87398,0.2164109,0.9066006,-0.3118372,4.393534,0.9825728,-2.390177,INPUT
23.89647,0.2174461,0.9075164,-0.3093672,4.393534,0.9825728,-2.390177,INPUT
23.91534,0.217421,0.9078799,-0.3072684,4.393534,0.9825728,-2.390177,INPUT
23.93881,0.2170589,0.908806,-0.3039427,4.393534,0.9825728,-2.390177,INPUT
23.96034,0.2177369,0.9102063,-0.3012355,4.393534,0.9825728,-2.390177,INPUT
23.98169,0.2197794,0.9149829,-0.2997608,4.393534,0.9825728,-2.390177,INPUT
24.00303,0.2196489,0.9155524,-0.2971295,4.393534,0.9825728,-2.390177,INPUT
24.0262,0.2197007,0.9160994,-0.2945416,4.393534,0.9825728,-2.390177,INPUT
24.05051,0.2196171,0.9167482,-0.292211,4.393534,0.9825728,-2.390177,INPUT
24.07142,0.220349,0.918958,-0.2889965,4.393534,0.9825728,-2.390177,INPUT
24.0924,0.220391,0.9193184,-0.2854212,4.393534,0.9825728,-2.390177,INPUT
24.11448,0.2209818,0.9212443,-0.2825975,4.393534,0.9825728,-2.390177,INPUT
24.13664,0.2208583,0.9214131,-0.2799311,4.393534,0.9825728,-2.390177,INPUT
24.1594,0.2200407,0.9214191,-0.2775518,4.393534,0.9825728,-2.390177,INPUT
24.18087,0.2188432,0.9218976,-0.2755585,4.393534,0.9825728,-2.390177,INPUT
24.20308,0.2178288,0.9220625,-0.2729527,4.393534,0.9825728,-2.390177,INPUT
24.22606,0.2175917,0.9221819,-0.2706099,4.393534,0.9825728,-2.390177,INPUT
24.23958,0.2171797,0.9218837,-0.2692986,4.393534,0.9825728,-2.390177,INPUT
24.25731,0.2167121,0.9218149,-0.2684322,4.393534,0.9825728,-2.390177,INPUT
24.27081,0.2164614,0.9221379,-0.2670538,4.393534,0.9825728,-2.390177,INPUT
24.28721,0.2163117,0.9224955,-0.2654273,4.393534,0.9825728,-2.390177,INPUT
24.30568,0.2160775,0.9230089,-0.2628076,4.393534,0.9825728,-2.390177,INPUT
24.32233,0.2166948,0.9238733,-0.2605091,4.393534,0.9825728,-2.390177,INPUT
