0,0,0,0,0,0,0,TRIGGER
0,0,0,0,0,0,0,TRIGGER
0,0,0,0,0,0,0,TRIGGER
0,0,0,0,0,0,0,TRIGGER
42.00605,0.09568725,0.8674962,0.24628,0.08620774,0.8496895,0.29203,INPUT
42.02916,0.09452184,0.8670381,0.2477528,0.08578814,0.8487937,0.2934788,INPUT
42.05193,0.0928939,0.8667445,0.2491882,0.08553196,0.8479677,0.2949401,INPUT
42.0746,0.0919695,0.8667879,0.249795,0.08558252,0.847825,0.2956165,INPUT
42.10255,0.09147912,0.8669661,0.2497619,0.08549465,0.8480056,0.2956387,INPUT
42.13125,0.09029478,0.8672581,0.249278,0.0843965,0.8483556,0.2951899,INPUT
42.16384,0.08847925,0.8673913,0.2483341,0.08241498,0.8486355,0.2942846,INPUT
42.19116,0.0871558,0.8671387,0.2472898,0.08036608,0.8486098,0.2932308,INPUT
42.22003,0.08723806,0.8671172,0.2462322,0.07949847,0.8489274,0.2921585,INPUT
42.25231,0.08841452,0.8672644,0.2444249,0.07970504,0.8495954,0.2903808,INPUT
42.27787,0.09026434,0.8676829,0.243181,0.08089644,0.8504112,0.2891585,INPUT
42.30322,0.09179739,0.8680353,0.2426443,0.08196638,0.8509895,0.2886094,INPUT
42.33468,0.09344791,0.8683824,0.2423036,0.08306958,0.8515525,0.2882279,INPUT
42.36573,0.09608309,0.868345,0.2427066,0.08565308,0.8515691,0.288639,INPUT
42.3927,0.09885795,0.8678987,0.2442252,0.08817408,0.8509359,0.2900305,INPUT
42.41464,0.1008565,0.8673973,0.2458304,0.09009893,0.8501598,0.2915156,INPUT
42.43848,0.1024962,0.8670204,0.247161,0.09163412,0.8495849,0.2927463,INPUT
42.46143,0.103831,0.8667138,0.2482084,0.09287472,0.8491174,0.2937092,INPUT
42.49672,0.104644,0.8665094,0.2490721,0.0936568,0.8487327,0.2944954,INPUT
42.52805,0.1048326,0.8662508,0.2502322,0.09392935,0.8482165,0.295574,INPUT
42.5666,0.1041451,0.8660924,0.2508506,0.09327824,0.8478847,0.2961318,INPUT
42.59541,0.1032707,0.8660858,0.2509905,0.09244138,0.8477822,0.2962421,INPUT
42.63917,0.1022542,0.8660021,0.2511162,0.09150498,0.8476109,0.2963513,INPUT
42.66694,0.1010053,0.8659487,0.2510258,0.09025057,0.8475075,0.2962393,INPUT
42.69731,0.1004272,0.8660706,0.2508326,0.08960745,0.8476394,0.2960347,INPUT
42.72858,0.09995477,0.8661061,0.2506677,0.08913065,0.8476698,0.2958666,INPUT
42.76513,0.09968151,0.8661012,0.2506571,0.08885977,0.8476447,0.2958483,INPUT
42.79506,0.09964424,0.8660682,0.2507976,0.08879941,0.8475931,0.2959757,INPUT
42.82924,0.09990996,0.866059,0.2509917,0.08904079,0.8475516,0.2961508,INPUT
42.86062,0.1002274,0.8659808,0.2513496,0.0893584,0.847405,0.2964806,INPUT
42.8944,0.1005733,0.8658953,0.2516566,0.0897183,0.8472688,0.2967701,INPUT
42.92915,0.1006164,0.8658411,0.2519836,0.08974613,0.8471503,0.2970668,INPUT
42.96475,0.1006275,0.8658355,0.252063,0.08975706,0.847106,0.2971301,INPUT
42.99585,0.1003789,0.865862,0.2522086,0.08952141,0.8471026,0.2972663,INPUT
43.02824,0.1000765,0.8659106,0.252343,0.08929014,0.8471248,0.2974068,INPUT
43.06112,0.09933424,0.8661042,0.2527014,0.0886074,0.8472389,0.2977462,INPUT
43.09413,0.09772488,0.8666021,0.2537936,0.08709024,0.847459,0.2987429,INPUT
43.12731,0.09539734,0.8679128,0.2570496,0.08503434,0.8480076,0.3017306,INPUT
43.16278,0.09236897,0.8714063,0.2621999,0.08264243,0.8504882,0.3065601,INPUT
43.20103,0.08439345,0.8788512,0.2671617,0.07538154,0.857272,0.3113558,INPUT
43.22599,0.07248381,0.8902984,0.2716407,0.0641639,0.8684996,0.3158627,INPUT
43.24752,0.06327672,0.9035015,0.2761289,0.0556316,0.8817096,0.320476,INPUT
43.26925,0.05649808,0.9138172,0.2816339,0.04901681,0.8915569,0.3257757,INPUT
43.29301,0.05025029,0.9245642,0.2883905,0.04269148,0.9016244,0.3321699,INPUT
43.33227,0.04276238,0.9357708,0.296004,0.03473514,0.9119321,0.339216,INPUT
43.35548,0.02771865,0.9555542,0.3099842,0.01929792,0.9301683,0.3522293,INPUT
43.37761,0.01519874,0.9670992,0.3205291,0.006412023,0.9401923,0.3617458,INPUT
43.40604,0.003908858,0.9771963,0.3305481,-0.005268678,0.9487978,0.3706641,INPUT
43.43297,-0.008008435,0.9880247,0.3410319,-0.01757346,0.9581622,0.3799773,INPUT
43.46284,-0.02066998,1.004262,0.3519394,-0.03119463,0.9734789,0.3899086,INPUT
43.48835,-0.03212038,1.02125,0.3610609,-0.04370748,0.9898364,0.3981951,INPUT
43.51187,-0.04130659,1.034063,0.3680332,-0.0535783,1.002065,0.4044406,INPUT
43.53539,-0.05042015,1.04641,0.3741254,-0.06295458,1.013969,0.410049,INPUT
43.56157,-0.05949382,1.058189,0.3793118,-0.07198949,1.025494,0.4150175,INPUT
43.59568,-0.06963997,1.070685,0.3831078,-0.08208513,1.038128,0.4189576,INPUT
43.62594,-0.08342709,1.087953,0.3862651,-0.09505335,1.056208,0.4231037,INPUT
43.64838,-0.09581737,1.098905,0.3883615,-0.1063899,1.067691,0.4259641,INPUT
43.6712,-0.1074718,1.108982,0.3910789,-0.1168452,1.078401,0.4295099,INPUT
43.70505,-0.1158303,1.116764,0.3939247,-0.1242317,1.086676,0.4329653,INPUT
43.73098,-0.1268727,1.126499,0.4001159,-0.1342746,1.096605,0.4395059,INPUT
43.75714,-0.1331637,1.132867,0.4054124,-0.1400912,1.102939,0.4448631,INPUT
43.78204,-0.1380014,1.139724,0.4114586,-0.1444889,1.109831,0.4510099,INPUT
43.81774,-0.143008,1.145751,0.4165179,-0.148956,1.115994,0.4562564,INPUT
43.84497,-0.15247,1.153172,0.4215345,-0.1571544,1.123786,0.4617159,INPUT
43.86646,-0.1593308,1.158,0.4242686,-0.1636165,1.128764,0.4646032,INPUT
43.88866,-0.1647014,1.16288,0.4264014,-0.1687856,1.133777,0.4668531,INPUT
43.91109,-0.167968,1.167447,0.4278305,-0.1720176,1.138518,0.4684103,INPUT
43.93406,-0.1705515,1.17242,0.4285015,-0.1747356,1.143783,0.4692747,INPUT
43.95539,-0.1732292,1.177957,0.4285106,-0.1776251,1.149773,0.4695756,INPUT
43.97927,-0.1762358,1.181708,0.4286001,-0.1805454,1.153932,0.4699515,INPUT
44.0007,-0.1806332,1.185304,0.4286897,-0.1847544,1.15789,0.4703009,INPUT
44.02198,-0.1841861,1.189228,0.4292681,-0.1881928,1.162209,0.4711477,INPUT
44.04778,-0.1854517,1.193833,0.4302256,-0.1892643,1.167382,0.4724846,INPUT
44.06907,-0.1861082,1.198905,0.4320494,-0.189828,1.172894,0.4745888,INPUT
44.08976,-0.1864383,1.204182,0.4342928,-0.1901295,1.17863,0.4771124,INPUT
44.11069,-0.1870065,1.208968,0.4359545,-0.1908298,1.183907,0.479051,INPUT
44.13224,-0.1874947,1.213278,0.4384918,-0.1912163,1.18856,0.4817949,INPUT
44.15443,-0.1876693,1.217147,0.4415378,-0.1911121,1.192691,0.4850125,INPUT
44.17679,-0.1874322,1.220769,0.4451686,-0.190512,1.196535,0.4887945,INPUT
44.20351,-0.1875536,1.223675,0.4491391,-0.1903187,1.199507,0.4928227,INPUT
44.23097,-0.1880874,1.226503,0.4537871,-0.1907019,1.202299,0.4974602,INPUT
44.26625,-0.1886122,1.229308,0.4583966,-0.191272,1.204983,0.5019997,INPUT
44.28986,-0.1884736,1.232913,0.4635118,-0.1909896,1.208626,0.5071445,INPUT
44.31584,-0.188048,1.235416,0.4676736,-0.1903291,1.211143,0.5113272,INPUT
44.34204,-0.1874478,1.237334,0.4716486,-0.1895493,1.21301,0.5152826,INPUT
44.37291,-0.1869172,1.238833,0.4769993,-0.188798,1.214294,0.5205227,INPUT
44.39434,-0.1853306,1.240607,0.4847737,-0.1868856,1.215717,0.5281104,INPUT
44.41596,-0.1844306,1.24114,0.4899643,-0.1858167,1.215986,0.5331544,INPUT
44.44226,-0.183424,1.241787,0.4945094,-0.1846662,1.21646,0.5376022,INPUT
44.4748,-0.182952,1.241939,0.4995289,-0.1841054,1.216334,0.54246,INPUT
44.4748,-0.182952,1.241939,0.4995289,-0.1841054,1.216334,0.54246,TRIGGER
44.49994,-0.1830954,1.241512,0.5047266,-0.1841318,1.21549,0.5474085,INPUT
44.52925,-0.1829616,1.240875,0.5098632,-0.183644,1.214531,0.5523545,INPUT
44.55419,-0.1833204,1.239449,0.5152077,-0.1835907,1.212658,0.5574237,INPUT
44.57944,-0.1840503,1.238247,0.5187554,-0.1844054,1.210941,0.5606393,INPUT
44.60257,-0.1848527,1.237109,0.5220457,-0.1854833,1.209239,0.5635526,INPUT
44.63145,-0.184822,1.236635,0.5244045,-0.1855185,1.208512,0.5657399,INPUT
44.66701,-0.1838676,1.236607,0.5267493,-0.184405,1.208343,0.5679905,INPUT
44.69854,-0.1828132,1.236851,0.528752,-0.1830355,1.208723,0.570089,INPUT
44.73214,-0.1829658,1.236357,0.5297644,-0.1832375,1.208183,0.5710698,INPUT
44.75977,-0.1810846,1.236541,0.5300137,-0.1812589,1.208583,0.5714667,INPUT
44.79615,-0.1786329,1.2384,0.5274261,-0.1783995,1.211201,0.5693802,INPUT
44.83718,-0.1777833,1.242343,0.5192455,-0.1775349,1.216863,0.5622651,INPUT
44.86673,-0.1789165,1.24892,0.5021468,-0.1787062,1.22694,0.547056,INPUT
44.89222,-0.1817182,1.252658,0.4872825,-0.1814149,1.233512,0.5334706,INPUT
44.92118,-0.1854812,1.254617,0.472881,-0.1853544,1.238156,0.5200933,INPUT
44.94933,-0.1886909,1.256009,0.4579222,-0.1888897,1.242388,0.5060307,INPUT
44.97419,-0.1913247,1.256833,0.4404393,-0.1917457,1.246401,0.4893371,INPUT
44.99794,-0.1926665,1.257154,0.4292525,-0.1933857,1.248697,0.4785268,INPUT
45.02245,-0.1941394,1.257181,0.4199213,-0.1953731,1.250195,0.4694155,INPUT
45.04556,-0.1944166,1.2578,0.4120484,-0.1960134,1.252176,0.4617053,INPUT
45.06649,-0.1945011,1.258547,0.4053593,-0.1961347,1.254378,0.4551584,INPUT
45.0888,-0.1943934,1.259555,0.400672,-0.195889,1.256392,0.4505493,INPUT
45.11303,-0.1935934,1.260876,0.397572,-0.1950575,1.258312,0.4474848,INPUT
45.14242,-0.1916331,1.26289,0.3950214,-0.1934459,1.260763,0.4449432,INPUT
45.16353,-0.1881029,1.265959,0.391564,-0.1904882,1.264655,0.44149,INPUT
45.1966,-0.1839444,1.269681,0.3881162,-0.1865465,1.269232,0.4380464,INPUT
45.22276,-0.1801537,1.273271,0.3874784,-0.1823845,1.273,0.4374279,INPUT
45.24558,-0.1781092,1.275769,0.3867656,-0.180142,1.275713,0.4367242,INPUT
45.26747,-0.1779213,1.277447,0.3863041,-0.1799443,1.27744,0.4362631,INPUT
45.28939,-0.1781794,1.278686,0.3858297,-0.1802667,1.278759,0.435786,INPUT
45.30989,-0.1784193,1.279974,0.3860354,-0.1806732,1.279928,0.4359846,INPUT
45.3307,-0.178197,1.28095,0.3866919,-0.1803717,1.280738,0.4366442,INPUT
45.35756,-0.1783414,1.281584,0.3883764,-0.1803691,1.280954,0.4383313,INPUT
45.37848,-0.1785281,1.282047,0.3906022,-0.1805318,1.280937,0.4405497,INPUT
45.40081,-0.1789234,1.282117,0.3921712,-0.1810009,1.280703,0.442108,INPUT
45.42298,-0.180014,1.281714,0.3939351,-0.1820955,1.279993,0.4438621,INPUT
45.44432,-0.1818268,1.280967,0.3968629,-0.1839029,1.278608,0.4467641,INPUT
45.46468,-0.183835,1.279935,0.400904,-0.1859042,1.276684,0.4507553,INPUT
45.48584,-0.1856007,1.27865,0.4053634,-0.1876766,1.274478,0.4551458,INPUT
45.507,-0.1868176,1.27747,0.409278,-0.1888185,1.27268,0.4590077,INPUT
45.53087,-0.1875003,1.276493,0.4132174,-0.1893579,1.271187,0.4629004,INPUT
45.55992,-0.1883973,1.27517,0.4181221,-0.1900725,1.269022,0.4677144,INPUT
45.58325,-0.1887137,1.273816,0.4244694,-0.190449,1.266379,0.4738827,INPUT
45.61677,-0.1875892,1.272447,0.4318898,-0.1896475,1.263543,0.4810475,INPUT
45.63815,-0.1855063,1.271204,0.4404829,-0.1872715,1.260855,0.4893683,INPUT
45.66009,-0.1848355,1.270078,0.4461582,-0.1866391,1.258621,0.4947946,INPUT
45.68218,-0.1837523,1.268852,0.4529732,-0.1857858,1.256019,0.5012556,INPUT
45.70717,-0.1823023,1.267825,0.459119,-0.1842735,1.253876,0.5070935,INPUT
45.73183,-0.1808868,1.266465,0.4658984,-0.182205,1.251435,0.5135678,INPUT
45.76838,-0.1800922,1.2648,0.472273,-0.180834,1.248778,0.5196305,INPUT
45.79736,-0.1796042,1.262878,0.4785915,-0.1800254,1.245853,0.5256019,INPUT
45.821,-0.179338,1.260443,0.485323,-0.1795951,1.242314,0.5319199,INPUT
45.84679,-0.1784091,1.259131,0.4895938,-0.1779987,1.240454,0.5359727,INPUT
45.87108,-0.1772273,1.257232,0.4949807,-0.1760588,1.237774,0.5410244,INPUT
45.91234,-0.1762605,1.255292,0.4993211,-0.1750434,1.235095,0.5450441,INPUT
45.91234,-0.1762605,1.255292,0.4993211,-0.1750434,1.235095,0.5450441,TRIGGER
45.94566,-0.1761166,1.252324,0.5041546,-0.1755797,1.231131,0.5494376,INPUT
45.98254,-0.1760152,1.250345,0.5069345,-0.1752242,1.228744,0.5520208,INPUT
46.01185,-0.1743263,1.249065,0.5095556,-0.173052,1.227246,0.554526,INPUT
46.04311,-0.1730669,1.247835,0.5120119,-0.1719595,1.225711,0.5568371,INPUT
46.07233,-0.1728734,1.246968,0.5133467,-0.1721975,1.224429,0.5579733,INPUT
46.1131,-0.1720691,1.246725,0.5143292,-0.1715908,1.223866,0.5587954,INPUT
46.14381,-0.1706828,1.247605,0.5135553,-0.1701368,1.224918,0.5581086,INPUT
46.17577,-0.1707378,1.24961,0.5095748,-0.1701394,1.227751,0.5545398,INPUT
46.2102,-0.1713752,1.252915,0.5020769,-0.1708108,1.232526,0.5477273,INPUT
46.24261,-0.1710508,1.256215,0.4936559,-0.1703762,1.23752,0.5400245,INPUT
46.27131,-0.1714578,1.260052,0.4813462,-0.1703741,1.243957,0.5286724,INPUT
46.30436,-0.1745721,1.262197,0.4688066,-0.1731318,1.248788,0.5169535,INPUT
46.33934,-0.1783056,1.263308,0.4559057,-0.1768986,1.252385,0.5046775,INPUT
46.37329,-0.1798772,1.264014,0.4445745,-0.1789148,1.25493,0.493733,INPUT
46.40552,-0.1791051,1.264734,0.4360085,-0.1788462,1.256599,0.4853416,INPUT
46.44384,-0.1790866,1.264783,0.4285457,-0.179505,1.257387,0.477994,INPUT
46.47633,-0.179283,1.264089,0.4209811,-0.1802149,1.257424,0.4705262,INPUT
46.50888,-0.1799824,1.262906,0.4136127,-0.181287,1.257044,0.4632508,INPUT
46.53912,-0.1817018,1.26112,0.4085722,-0.1835021,1.255619,0.4582361,INPUT
46.57202,-0.1823958,1.260154,0.4046749,-0.18431,1.255094,0.4543814,INPUT
46.60883,-0.1822698,1.259631,0.4007792,-0.1839826,1.25518,0.4505513,INPUT
46.64388,-0.1817329,1.259619,0.3989646,-0.1833574,1.255304,0.4487515,INPUT
46.67269,-0.1807321,1.26012,0.3985787,-0.1824259,1.255674,0.4483519,INPUT
46.70408,-0.1793591,1.260984,0.3987694,-0.1808972,1.256428,0.4485376,INPUT
46.73838,-0.1784884,1.261784,0.3995628,-0.1799075,1.257062,0.4493191,INPUT
46.77129,-0.1779213,1.262498,0.4005763,-0.1793143,1.257484,0.4503047,INPUT
46.80484,-0.1772911,1.263404,0.4014498,-0.178521,1.258289,0.4511723,INPUT
46.83717,-0.1768401,1.264037,0.4020625,-0.1779302,1.258925,0.4517886,INPUT
46.87482,-0.1772615,1.264379,0.403257,-0.178342,1.259064,0.4529619,INPUT
46.89745,-0.1779722,1.264617,0.4047007,-0.1790103,1.259155,0.4543906,INPUT
46.91925,-0.1785897,1.264947,0.4060867,-0.1794857,1.259514,0.4557826,INPUT
46.94035,-0.1797385,1.26501,0.4078768,-0.1806981,1.25948,0.4575608,INPUT
46.9713,-0.181271,1.264791,0.4104051,-0.1822405,1.259062,0.4600663,INPUT
47.00696,-0.1828062,1.264251,0.4151899,-0.1834619,1.258309,0.4648312,INPUT
47.0324,-0.1833148,1.263798,0.422035,-0.1833389,1.257468,0.4716327,INPUT
47.05655,-0.1837721,1.26304,0.428485,-0.1837887,1.255858,0.4779665,INPUT
47.08215,-0.1842466,1.262238,0.4338989,-0.1841891,1.25448,0.4832934,INPUT
47.10628,-0.1849475,1.261164,0.4382783,-0.1846797,1.253148,0.4876307,INPUT
47.13956,-0.1863904,1.259451,0.4434688,-0.1857121,1.251054,0.492754,INPUT
47.1639,-0.1873725,1.257294,0.449928,-0.1861572,1.248565,0.4991451,INPUT
47.19651,-0.186925,1.256107,0.4546419,-0.1855309,1.247078,0.5038001,INPUT
47.23335,-0.1856962,1.254461,0.4612958,-0.1840056,1.244693,0.5103033,INPUT
47.26425,-0.1833228,1.252534,0.4690526,-0.1811642,1.241893,0.5178593,INPUT
47.29834,-0.1825044,1.250889,0.4735574,-0.1800823,1.239813,0.5222551,INPUT
47.32538,-0.1824732,1.248217,0.4790915,-0.1797899,1.236542,0.5276352,INPUT
47.35043,-0.1823546,1.245263,0.4851571,-0.1794336,1.232746,0.5334768,INPUT
47.38371,-0.1814996,1.243069,0.4902636,-0.1784025,1.22984,0.5383821,INPUT
47.41156,-0.1796748,1.240412,0.4962088,-0.1762353,1.226386,0.5440779,INPUT
47.43917,-0.1780847,1.238703,0.5005604,-0.1743692,1.224132,0.5482455,INPUT
47.43917,-0.1780847,1.238703,0.5005604,-0.1743692,1.224132,0.5482455,TRIGGER
47.47126,-0.177292,1.236778,0.5035998,-0.1732901,1.221914,0.5511712,INPUT
47.49922,-0.1762427,1.23427,0.5073783,-0.1719544,1.218818,0.5547372,INPUT
47.52524,-0.1752922,1.232838,0.5093387,-0.170935,1.217025,0.5565717,INPUT
47.56465,-0.1747373,1.231496,0.5105022,-0.1702272,1.215562,0.5576802,INPUT
47.59187,-0.1752631,1.229896,0.5109202,-0.1707076,1.213931,0.5580836,INPUT
47.61866,-0.1757553,1.229277,0.510694,-0.1712656,1.213362,0.5578805,INPUT
47.65139,-0.1757796,1.228565,0.509909,-0.1713027,1.212785,0.5571421,INPUT
47.67356,-0.1756074,1.228355,0.5071846,-0.1713625,1.212881,0.5545401,INPUT
47.70134,-0.1750539,1.22895,0.5037804,-0.1711373,1.213964,0.5513206,INPUT
47.72388,-0.1741566,1.229889,0.4988759,-0.1707145,1.215586,0.5466627,INPUT
47.74602,-0.1738,1.230284,0.493409,-0.170937,1.216553,0.5414013,INPUT
47.76859,-0.1738833,1.230516,0.487352,-0.1716128,1.217579,0.535596,INPUT
47.79213,-0.1741121,1.230511,0.4808245,-0.1724193,1.218493,0.529329,INPUT
47.81696,-0.1741338,1.230244,0.4742835,-0.1728296,1.219208,0.5230329,INPUT
47.85086,-0.1735064,1.22978,0.4674212,-0.1725559,1.21965,0.5163751,INPUT
47.87728,-0.1719714,1.228651,0.4581095,-0.1716596,1.219628,0.5072878,INPUT
47.91022,-0.1696813,1.227602,0.4508223,-0.169729,1.219584,0.5001754,INPUT
47.93996,-0.1673102,1.226111,0.443901,-0.1676951,1.218915,0.4933789,INPUT
47.96574,-0.1637133,1.223872,0.4357588,-0.1645709,1.217625,0.4853596,INPUT
47.98978,-0.1599136,1.221512,0.4304905,-0.1610219,1.21585,0.4801565,INPUT
48.01362,-0.1567132,1.219662,0.4274518,-0.1578661,1.214419,0.4771627,INPUT
48.03865,-0.1528867,1.218332,0.4253517,-0.1540388,1.213457,0.4751002,INPUT
48.07811,-0.1482792,1.217851,0.4243814,-0.14913,1.213382,0.4741741,INPUT
48.11192,-0.1413511,1.217627,0.4239842,-0.1416725,1.213557,0.4738172,INPUT
48.14035,-0.1348146,1.218238,0.4241937,-0.1348271,1.214375,0.4740444,INPUT
48.16272,-0.1276322,1.21943,0.4233318,-0.1271083,1.216203,0.4732248,INPUT
48.1869,-0.1237138,1.22037,0.4228843,-0.1228203,1.217487,0.472793,INPUT
48.21367,-0.1191673,1.221693,0.4227721,-0.1180415,1.219002,0.4726869,INPUT
48.23481,-0.1135963,1.22353,0.4229285,-0.112282,1.22096,0.4728452,INPUT
48.25659,-0.1092622,1.224981,0.4228961,-0.1076378,1.22262,0.4728139,INPUT
48.27745,-0.105779,1.226207,0.4229376,-0.1037882,1.224031,0.4728505,INPUT
48.30014,-0.1027172,1.227312,0.4232584,-0.1005057,1.225161,0.4731631,INPUT
48.32893,-0.09975998,1.228434,0.4239087,-0.09748999,1.226188,0.4738067,INPUT
48.36087,-0.09652494,1.229563,0.4246454,-0.09415659,1.227228,0.4745347,INPUT
48.38498,-0.09293596,1.231025,0.4255031,-0.09042908,1.228689,0.4753855,INPUT
48.4114,-0.0907499,1.231899,0.4261531,-0.08808427,1.229512,0.4760249,INPUT
48.43529,-0.08764087,1.233075,0.4272157,-0.08474804,1.230608,0.477071,INPUT
48.4592,-0.0848899,1.234154,0.4284246,-0.0818853,1.231557,0.4782667,INPUT
48.49509,-0.08281599,1.234855,0.4299724,-0.07979947,1.231984,0.4797987,INPUT
48.52009,-0.08083887,1.235684,0.4327151,-0.07780351,1.232315,0.4825091,INPUT
48.55353,-0.07938497,1.23657,0.4333854,-0.07597776,1.233351,0.4831653,INPUT
48.58476,-0.07770194,1.237228,0.4344434,-0.07399841,1.234045,0.4842043,INPUT
48.61032,-0.07530288,1.238233,0.4371226,-0.07156473,1.23465,0.4868538,INPUT
48.63341,-0.0745035,1.238366,0.4392844,-0.07065228,1.234488,0.4889849,INPUT
48.6549,-0.0734732,1.238564,0.4415712,-0.06926177,1.234489,0.4912266,INPUT
48.67702,-0.07186984,1.238789,0.4442488,-0.0674815,1.234304,0.4938535,INPUT
48.69886,-0.06964283,1.238929,0.4475985,-0.06517868,1.233853,0.4971395,INPUT
48.72416,-0.06747691,1.239001,0.451581,-0.06301244,1.233149,0.5010362,INPUT
48.75724,-0.06550647,1.238728,0.4557814,-0.06097823,1.232104,0.5051333,INPUT
48.78999,-0.0632941,1.238434,0.4599303,-0.0584553,1.231236,0.5091723,INPUT
48.81597,-0.06082161,1.237594,0.4660992,-0.05558281,1.229473,0.5151563,INPUT
48.84852,-0.05866639,1.236494,0.4726439,-0.05349231,1.227126,0.521485,INPUT
48.87222,-0.05648465,1.235262,0.4790055,-0.05123565,1.224823,0.527621,INPUT
48.89837,-0.05548741,1.234128,0.4833032,-0.05004356,1.222948,0.5317323,INPUT
48.92633,-0.05441983,1.232567,0.4888324,-0.04900619,1.220279,0.5369956,INPUT
48.95821,-0.0533834,1.231057,0.4939201,-0.04828519,1.217711,0.5418355,INPUT
48.98648,-0.05256571,1.229691,0.4990461,-0.04737817,1.215442,0.5466912,INPUT
48.98648,-0.05256571,1.229691,0.4990461,-0.04737817,1.215442,0.5466912,TRIGGER
49.00898,-0.05235742,1.227605,0.5051034,-0.04681724,1.212219,0.5523536,INPUT
49.04268,-0.05140795,1.226418,0.5092611,-0.04595228,1.21016,0.5562282,INPUT
49.07434,-0.04873253,1.225703,0.5131994,-0.04362857,1.208551,0.5598871,INPUT
49.10198,-0.04692505,1.225258,0.5157897,-0.04176217,1.207487,0.5622389,INPUT
49.13042,-0.04680014,1.224979,0.5169974,-0.04149779,1.206924,0.5633213,INPUT
49.16849,-0.04612149,1.225276,0.5172816,-0.04093179,1.207018,0.5635386,INPUT
49.19751,-0.04490775,1.22563,0.5175406,-0.04020176,1.206851,0.5636407,INPUT
49.22872,-0.04378065,1.22635,0.5164816,-0.03969419,1.207227,0.5624992,INPUT
49.2553,-0.04356517,1.227497,0.5140825,-0.03978266,1.208234,0.5600677,INPUT
49.28085,-0.04442762,1.229061,0.5104069,-0.04076654,1.21001,0.5564902,INPUT
49.30312,-0.0456513,1.232342,0.5029009,-0.0422669,1.214453,0.5494682,INPUT
49.33229,-0.04717161,1.23597,0.4942361,-0.04412141,1.219416,0.5413176,INPUT
49.36367,-0.04950468,1.239616,0.4853017,-0.04682966,1.224271,0.5328134,INPUT
49.39454,-0.05406959,1.2428,0.4766452,-0.05165537,1.228565,0.524515,INPUT
49.42722,-0.0597996,1.245906,0.467788,-0.05741808,1.232916,0.5160125,INPUT
49.4622,-0.06404604,1.24912,0.4600664,-0.06174554,1.237265,0.5085863,INPUT
49.49519,-0.06551902,1.253024,0.4540634,-0.06356464,1.241719,0.5027294,INPUT
49.52633,-0.06602021,1.25739,0.4488301,-0.06420701,1.246556,0.4976084,INPUT
49.56144,-0.06732832,1.261268,0.443136,-0.06540702,1.251219,0.4920779,INPUT
49.60215,-0.07097532,1.26519,0.4347387,-0.06829783,1.256943,0.4839812,INPUT
49.63473,-0.07514448,1.26835,0.4274476,-0.07144062,1.261944,0.476897,INPUT
49.66766,-0.07785742,1.271636,0.4197499,-0.07291528,1.267416,0.4693257,INPUT
49.6974,-0.07926635,1.274302,0.4138122,-0.07336094,1.27169,0.4633934,INPUT
49.73012,-0.08048595,1.276028,0.4098657,-0.07379141,1.274578,0.4593943,INPUT
49.76534,-0.08248852,1.277101,0.4059813,-0.07493029,1.276964,0.4554065,INPUT
49.80233,-0.08596982,1.277488,0.4013622,-0.07698854,1.279262,0.4505169,INPUT
49.83206,-0.08830915,1.277769,0.397951,-0.07842512,1.280871,0.4468661,INPUT
49.86021,-0.08863012,1.278211,0.3969114,-0.07814305,1.281914,0.4456588,INPUT
49.89395,-0.08834191,1.278595,0.396956,-0.07761218,1.282405,0.4456423,INPUT
49.92742,-0.08726422,1.279132,0.3982605,-0.07663442,1.282539,0.4469987,INPUT
49.95984,-0.08614765,1.279149,0.4015628,-0.07616604,1.281526,0.4504987,INPUT
49.99376,-0.08439957,1.279417,0.4061602,-0.07508633,1.280467,0.455274,INPUT
50.02956,-0.08121698,1.27972,0.4117195,-0.07217401,1.279295,0.4608931,INPUT
50.06076,-0.07585625,1.280061,0.419901,-0.06758747,1.277291,0.4691346,INPUT
50.08353,-0.07084398,1.279422,0.4306401,-0.06385525,1.273528,0.4797972,INPUT
50.10606,-0.06957905,1.277693,0.4394637,-0.0637275,1.269389,0.4884209,INPUT
50.12764,-0.06924935,1.275578,0.4465017,-0.06417313,1.265496,0.4952107,INPUT
50.15058,-0.06942545,1.27305,0.4527146,-0.06467913,1.261645,0.5011646,INPUT
50.17614,-0.06938069,1.270842,0.4570996,-0.06419506,1.259025,0.5054058,INPUT
50.20525,-0.06875651,1.268969,0.4602543,-0.06255727,1.257276,0.5084709,INPUT
50.24646,-0.06922673,1.266313,0.4648021,-0.06215812,1.254368,0.5128372,INPUT
50.27658,-0.07052599,1.26224,0.4721537,-0.06284525,1.249415,0.5198667,INPUT
50.31076,-0.06978725,1.259611,0.4772224,-0.06159764,1.246283,0.5247124,INPUT
50.33482,-0.06774838,1.25702,0.4833149,-0.05925569,1.242737,0.5304731,INPUT
50.36184,-0.06590433,1.255274,0.4876641,-0.05720565,1.240316,0.5345744,INPUT
50.39687,-0.06449814,1.253832,0.4910865,-0.0557417,1.238415,0.5378375,INPUT
50.42513,-0.06323867,1.251925,0.4947748,-0.05428724,1.236058,0.541338,INPUT
50.42513,-0.06323867,1.251925,0.4947748,-0.05428724,1.236058,0.541338,TRIGGER
50.45454,-0.06268661,1.250265,0.4979894,-0.05378655,1.2338,0.5443541,INPUT
50.48585,-0.0611829,1.249018,0.5007691,-0.05233372,1.23201,0.5469471,INPUT
50.512,-0.05880557,1.24821,0.502694,-0.04992132,1.230917,0.5487596,INPUT
50.53662,-0.05788268,1.247784,0.5030312,-0.04898278,1.23043,0.5490707,INPUT
50.56059,-0.05737679,1.247577,0.5025166,-0.04853444,1.230251,0.5485777,INPUT
50.59737,-0.05688165,1.247671,0.5014704,-0.04818585,1.230427,0.54759,INPUT
50.62481,-0.05558689,1.248072,0.4995507,-0.04739834,1.230782,0.5457459,INPUT
50.64764,-0.05486535,1.248984,0.4964353,-0.04707013,1.231964,0.5427988,INPUT
50.67523,-0.05469029,1.250257,0.4918864,-0.04696898,1.233887,0.5384956,INPUT
50.705,-0.05496429,1.251302,0.487345,-0.04731086,1.235578,0.5341874,INPUT
50.72876,-0.05601026,1.252317,0.4813863,-0.04874549,1.237254,0.5285066,INPUT
50.7516,-0.05629624,1.252973,0.4773925,-0.0493378,1.23827,0.5246727,INPUT
50.77738,-0.05628173,1.254026,0.4727263,-0.04947088,1.239877,0.5201964,INPUT
50.80161,-0.05596258,1.255594,0.4667202,-0.04907783,1.242336,0.5144362,INPUT
50.82714,-0.05596928,1.257133,0.4612606,-0.04908673,1.244608,0.5091748,INPUT
50.86346,-0.05616634,1.258705,0.455933,-0.0494331,1.246871,0.5040433,INPUT
50.89799,-0.05635925,1.261378,0.4476222,-0.04971134,1.250807,0.4960378,INPUT
50.93306,-0.05649509,1.263448,0.4414631,-0.04983431,1.25377,0.4900632,INPUT
50.96263,-0.05580203,1.26589,0.4362873,-0.04950096,1.256636,0.4850177,INPUT
50.99173,-0.05390476,1.2686,0.4329449,-0.04801247,1.259506,0.4817566,INPUT
51.01957,-0.05207922,1.271915,0.4290104,-0.04629918,1.263251,0.4779136,INPUT
51.04443,-0.05126087,1.274902,0.4256311,-0.0453594,1.266762,0.4746097,INPUT
51.06711,-0.05158158,1.277227,0.4232459,-0.04558992,1.269518,0.4722834,INPUT
51.0961,-0.0524133,1.279097,0.4218796,-0.04648332,1.271591,0.4709559,INPUT
51.122,-0.05261718,1.280809,0.4211636,-0.04673361,1.273389,0.4702587,INPUT
51.15155,-0.05249976,1.282734,0.4209778,-0.04666597,1.275267,0.4700717,INPUT
51.18418,-0.05277456,1.284332,0.4210268,-0.04699992,1.276803,0.4701184,INPUT
51.21856,-0.054175,1.285279,0.4215095,-0.04853039,1.277673,0.4706042,INPUT
51.24055,-0.05583619,1.285863,0.4222848,-0.05004666,1.278258,0.4713629,INPUT
51.26225,-0.05664553,1.28592,0.4237154,-0.05078909,1.278153,0.47276,INPUT
51.28426,-0.05737792,1.285836,0.4254868,-0.05155916,1.277803,0.474493,INPUT
51.31726,-0.05836351,1.285415,0.4278806,-0.05268,1.276986,0.4768361,INPUT
51.34362,-0.05958574,1.284713,0.4312996,-0.05406899,1.275705,0.4801712,INPUT
51.37516,-0.06054352,1.283511,0.4367761,-0.05504354,1.273633,0.485481,INPUT
51.40023,-0.06189798,1.28186,0.4429623,-0.05671373,1.270746,0.491435,INPUT
51.42374,-0.06368141,1.280226,0.4484687,-0.05898621,1.268016,0.4967268,INPUT
51.44904,-0.06472586,1.278793,0.4532795,-0.06038386,1.265616,0.5013161,INPUT
51.4842,-0.06530838,1.276956,0.4591771,-0.06139451,1.262542,0.5068943,INPUT
51.50775,-0.06472634,1.274575,0.4665625,-0.06133243,1.258735,0.5138652,INPUT
51.54435,-0.06477766,1.27302,0.4708864,-0.06175672,1.25642,0.5179538,INPUT
51.57384,-0.06564544,1.270812,0.4759423,-0.06296777,1.253364,0.5227227,INPUT
51.6039,-0.06628375,1.268214,0.4816512,-0.06337316,1.250107,0.5281664,INPUT
51.63341,-0.06645529,1.266103,0.4858803,-0.06300791,1.247661,0.5322267,INPUT
51.66011,-0.06714536,1.263248,0.490807,-0.06351623,1.244223,0.5369036,INPUT
51.68435,-0.06800304,1.260034,0.4957537,-0.06447424,1.240222,0.541525,INPUT
51.71114,-0.0683925,1.257559,0.4995247,-0.06476025,1.23725,0.5450701,INPUT
51.71114,-0.0683925,1.257559,0.4995247,-0.06476025,1.23725,0.5450701,TRIGGER
51.74372,-0.06885831,1.255122,0.50301,-0.06493835,1.234422,0.5483547,INPUT
51.77068,-0.06949766,1.252885,0.5059848,-0.06532842,1.231897,0.5511748,INPUT
51.79884,-0.06989737,1.250865,0.5085723,-0.06552847,1.229657,0.5536405,INPUT
51.82787,-0.06883375,1.249743,0.5104455,-0.06425006,1.228425,0.5554402,INPUT
51.85991,-0.06786372,1.249178,0.5114329,-0.06316663,1.227832,0.5564026,INPUT
51.88373,-0.06834193,1.248817,0.5117533,-0.06377686,1.227426,0.5567155,INPUT
51.91045,-0.06849237,1.248914,0.5114256,-0.0640963,1.227533,0.5564091,INPUT
51.94228,-0.06735815,1.249563,0.5108224,-0.0631697,1.228182,0.5558257,INPUT
51.96553,-0.06459366,1.251036,0.5091609,-0.06053796,1.229764,0.5542283,INPUT
51.99343,-0.06233092,1.253172,0.5051999,-0.05857527,1.232168,0.5504187,INPUT
52.01659,-0.06122862,1.255997,0.4982333,-0.0580132,1.235677,0.5438048,INPUT
52.03896,-0.06072216,1.258695,0.4901687,-0.0579026,1.239315,0.5361736,INPUT
52.06215,-0.06124361,1.261053,0.4817109,-0.0586567,1.2427,0.5281487,INPUT
52.08874,-0.0623825,1.2629,0.4730912,-0.05990946,1.245581,0.5199308,INPUT
52.1179,-0.06486361,1.264052,0.4642359,-0.06256764,1.247756,0.51145,INPUT
52.15721,-0.06712364,1.265224,0.4543985,-0.06519537,1.25001,0.5019886,INPUT
52.1897,-0.06663372,1.267228,0.4447699,-0.06472705,1.253292,0.4927507,INPUT
52.22338,-0.06461404,1.269397,0.4377668,-0.06238427,1.256411,0.4859994,INPUT
52.25532,-0.06146874,1.272225,0.4324249,-0.05904504,1.260047,0.4808586,INPUT
52.28862,-0.05696677,1.275348,0.4281721,-0.05420861,1.26382,0.4767466,INPUT
52.31311,-0.04908431,1.279657,0.4258425,-0.04570741,1.268708,0.4745121,INPUT
52.33651,-0.04269257,1.282279,0.4257731,-0.03893067,1.271408,0.4744317,INPUT
52.36522,-0.03683783,1.284471,0.4259631,-0.03270292,1.273653,0.4746034,INPUT
52.4004,-0.02977434,1.286871,0.4268599,-0.02513563,1.276073,0.4754591,INPUT
52.43257,-0.02100842,1.289124,0.4286142,-0.01565192,1.278227,0.4771173,INPUT
52.4649,-0.01335676,1.290521,0.4308913,-0.007330714,1.279467,0.4792803,INPUT
52.48991,-0.005002066,1.291672,0.4333606,0.001632652,1.280438,0.4816284,INPUT
52.51175,0.001067489,1.292161,0.4350111,0.008059298,1.280828,0.4832053,INPUT
52.53333,0.00617075,1.29251,0.4360386,0.01344287,1.281134,0.4841811,INPUT
52.55635,0.01110883,1.292713,0.436701,0.01872937,1.281411,0.484807,INPUT
52.58472,0.01611508,1.292812,0.4374135,0.02412577,1.281565,0.4854693,INPUT
52.61624,0.02181651,1.292598,0.4381885,0.03028342,1.281476,0.4861948,INPUT
52.6387,0.02833758,1.292103,0.4392183,0.03738348,1.281281,0.4871875,INPUT
52.66104,0.03225566,1.291557,0.4405091,0.04173041,1.280799,0.48841,INPUT
52.68177,0.03628294,1.291039,0.4426939,0.0462706,1.280191,0.4904701,INPUT
52.70592,0.0401343,1.290699,0.4447315,0.05062849,1.27983,0.4923944,INPUT
52.73476,0.04403843,1.2906,0.4468651,0.0550026,1.279748,0.4944259,INPUT
52.76307,0.04789697,1.290527,0.449553,0.05928884,1.27964,0.4970053,INPUT
52.79934,0.05214967,1.290512,0.4532144,0.06424563,1.279529,0.5004697,INPUT
52.82356,0.05614713,1.289877,0.459052,0.06913703,1.278499,0.5059753,INPUT
52.84613,0.05779524,1.288599,0.4650682,0.07109084,1.276507,0.5117267,INPUT
52.8717,0.05850549,1.286908,0.4710664,0.07208706,1.274006,0.5174245,INPUT
52.90855,0.05891347,1.285196,0.4772764,0.07301587,1.271608,0.5232816,INPUT
52.93629,0.05958712,1.283067,0.4840836,0.07436858,1.268848,0.5296831,INPUT
52.95919,0.06095238,1.28149,0.4891716,0.07609081,1.266723,0.5344788,INPUT
52.99557,0.0624361,1.279985,0.4935907,0.07771786,1.26453,0.5386199,INPUT
53.02682,0.06394105,1.27748,0.4993641,0.07939371,1.261139,0.5440205,INPUT
53.02682,0.06394105,1.27748,0.4993641,0.07939371,1.261139,0.5440205,TRIGGER
53.05255,0.06419323,1.275059,0.5034999,0.0795197,1.257983,0.5479243,INPUT
53.08593,0.0642847,1.273018,0.5064543,0.0795605,1.255423,0.5506933,INPUT
53.11057,0.06485569,1.271157,0.5085067,0.08027884,1.253269,0.5525763,INPUT
53.13481,0.06586085,1.269753,0.5097336,0.08135056,1.251597,0.5536704,INPUT
53.15812,0.06635168,1.268458,0.5106537,0.08170774,1.250021,0.5545201,INPUT
53.18116,0.06622024,1.267396,0.5109338,0.0813057,1.248783,0.5548196,INPUT
53.21167,0.06603129,1.266709,0.5102573,0.08104844,1.248159,0.5541934,INPUT
53.2544,0.0664819,1.266141,0.509123,0.08147614,1.247661,0.5530964,INPUT
53.28607,0.0681974,1.265425,0.50726,0.08285481,1.246853,0.5513082,INPUT
53.31095,0.06900294,1.264771,0.5049964,0.08335336,1.246182,0.5491381,INPUT
53.33963,0.06988828,1.264801,0.5028263,0.08420322,1.246319,0.5470248,INPUT
53.37696,0.07185046,1.265849,0.4993633,0.08621187,1.247738,0.5436999,INPUT
53.40652,0.07524212,1.268007,0.4942364,0.08934832,1.250314,0.5388231,INPUT
53.43238,0.0777889,1.270189,0.4897877,0.0916527,1.252826,0.5345797,INPUT
53.46701,0.07962179,1.272513,0.4853049,0.09348762,1.255583,0.5302618,INPUT
53.49681,0.08052106,1.275199,0.4803228,0.09440377,1.258863,0.5254937,INPUT
53.5289,0.08149776,1.278131,0.4757139,0.09527735,1.262315,0.5211008,INPUT
53.5568,0.08332303,1.28139,0.4707265,0.09726325,1.266216,0.5162835,INPUT
53.58265,0.08478539,1.283809,0.4671516,0.0988789,1.269094,0.5128116,INPUT
53.61488,0.08620696,1.286022,0.4639977,0.100296,1.271649,0.5097678,INPUT
53.63717,0.08772884,1.2887,0.4601719,0.1018224,1.274755,0.5060728,INPUT
53.6652,0.08853826,1.290512,0.4576652,0.102685,1.276883,0.5036448,INPUT
53.69245,0.08904305,1.292172,0.4555102,0.1032427,1.278796,0.5015477,INPUT
53.71727,0.0899072,1.294363,0.4524896,0.1041573,1.281387,0.4986258,INPUT
53.75055,0.09142316,1.296391,0.449436,0.1057741,1.28389,0.4956722,INPUT
53.773,0.09260944,1.298446,0.4465742,0.1069339,1.286348,0.4929255,INPUT
53.8008,0.09239628,1.299384,0.4455058,0.1067132,1.28748,0.4919097,INPUT
53.82536,0.091846,1.300254,0.4448146,0.1063063,1.288573,0.4912308,INPUT
53.84694,0.09125622,1.300793,0.4447571,0.1058851,1.289234,0.4911509,INPUT
53.88568,0.09046996,1.301055,0.445157,0.105184,1.28957,0.4915422,INPUT
53.90997,0.08938838,1.300998,0.4467548,0.1041503,1.289443,0.4931073,INPUT
53.93293,0.08865997,1.300568,0.4490313,0.1034384,1.288786,0.4953214,INPUT
53.95553,0.08800659,1.299664,0.4518129,0.1027423,1.287549,0.4980305,INPUT
53.97929,0.08726352,1.298603,0.4548142,0.1019789,1.286146,0.5009475,INPUT
54.00121,0.08609039,1.297258,0.4584839,0.1009166,1.284469,0.5044909,INPUT
54.02346,0.08469595,1.295711,0.4624492,0.09971318,1.282579,0.5082971,INPUT
54.04665,0.08352809,1.293926,0.4668564,0.09871342,1.280332,0.512514,INPUT
54.0695,0.08259947,1.292055,0.4715624,0.09785955,1.27792,0.5170307,INPUT
54.10888,0.08247051,1.290451,0.4757833,0.0978146,1.275872,0.5210822,INPUT
54.13213,0.08220677,1.288326,0.4814353,0.09770136,1.273193,0.5265009,INPUT
54.15488,0.08163523,1.28651,0.4857606,0.09727697,1.270925,0.5306211,INPUT
54.17749,0.08096804,1.285014,0.4888453,0.09679088,1.269204,0.5335631,INPUT
54.20703,0.08040592,1.283658,0.4915537,0.09641092,1.267684,0.536148,INPUT
54.23963,0.0801577,1.281765,0.4951262,0.09630464,1.265448,0.5395449,INPUT
54.23963,0.0801577,1.281765,0.4951262,0.09630464,1.265448,0.5395449,TRIGGER
54.26099,0.08050796,1.279497,0.49911,0.09665102,1.262675,0.5433411,INPUT
54.28689,0.08096904,1.278239,0.5011021,0.09713255,1.261186,0.5452372,INPUT
54.32145,0.08125532,1.276771,0.503095,0.09753158,1.25956,0.5471275,INPUT
54.35024,0.08102962,1.274844,0.5053671,0.09744688,1.257448,0.5492745,INPUT
54.37494,0.08098065,1.272682,0.5074183,0.0975591,1.255098,0.5511898,INPUT
54.39731,0.08153945,1.271358,0.5083934,0.09817573,1.25367,0.5521012,INPUT
54.41945,0.08241472,1.270283,0.5090095,0.09902634,1.25248,0.5526798,INPUT
54.44308,0.08327003,1.269381,0.5094346,0.09985776,1.251425,0.5530514,INPUT
54.47133,0.08387934,1.268329,0.5099079,0.1004909,1.250231,0.553457,INPUT
54.4985,0.08423472,1.267187,0.5102243,0.1008504,1.248927,0.553704,INPUT
54.53476,0.08504868,1.266984,0.5089109,0.1016415,1.248768,0.5524177,INPUT
54.56068,0.08761708,1.268622,0.5043528,0.1041653,1.250922,0.5480891,INPUT
54.59789,0.08983143,1.270738,0.4989085,0.1061711,1.253612,0.5429506,INPUT
54.62549,0.09107669,1.273296,0.4915004,0.106996,1.25694,0.5359871,INPUT
54.65326,0.09113702,1.275459,0.4849522,0.1069037,1.259896,0.5297764,INPUT
54.68416,0.09081234,1.277194,0.4792483,0.1063954,1.262285,0.5243579,INPUT
54.70985,0.0898896,1.278745,0.4735661,0.1052849,1.264467,0.5189438,INPUT
54.74113,0.0889613,1.280054,0.4693637,0.1042287,1.266241,0.5149279,INPUT
54.78582,0.08856583,1.28192,0.4645698,0.1036937,1.268626,0.5103345,INPUT
54.82284,0.08937255,1.285785,0.4562633,0.1043109,1.273391,0.5023421,INPUT
54.85204,0.08923391,1.288126,0.451488,0.103998,1.276242,0.4977569,INPUT
54.88464,0.08922178,1.290763,0.4460664,0.103998,1.279655,0.4925238,INPUT
54.91479,0.08956422,1.292969,0.4409319,0.1045089,1.282639,0.4875146,INPUT
54.95233,0.08969201,1.294719,0.4370296,0.1047733,1.284987,0.4836971,INPUT
54.98917,0.08946669,1.296908,0.4320339,0.1048211,1.288186,0.4788118,INPUT
55.02097,0.08820733,1.298738,0.4282099,0.1036247,1.290718,0.4750926,INPUT
55.05048,0.08655091,1.299906,0.4262175,0.1018042,1.292228,0.4732108,INPUT
55.08178,0.08499543,1.300677,0.4252827,0.1002985,1.293308,0.4723094,INPUT
55.11604,0.08345401,1.300913,0.4256761,0.09892545,1.293627,0.4726605,INPUT
55.15621,0.08151666,1.300703,0.4281586,0.09673534,1.293079,0.475172,INPUT
55.18848,0.07947634,1.300146,0.4322263,0.09469777,1.292069,0.4791632,INPUT
55.2185,0.07824659,1.299543,0.4373299,0.09379398,1.2909,0.4840587,INPUT
55.24837,0.07756913,1.29887,0.4435318,0.09313997,1.289361,0.4900842,INPUT
55.28448,0.07658046,1.298207,0.449635,0.09197462,1.287751,0.496043,INPUT
55.32522,0.07509533,1.297168,0.4560832,0.09070583,1.285929,0.5022349,INPUT
55.3587,0.07294692,1.295437,0.4638592,0.08863045,1.283134,0.5097141,INPUT
55.39129,0.07067262,1.293368,0.4708348,0.08624581,1.280096,0.5164563,INPUT
55.41486,0.06882143,1.291098,0.4775451,0.08488888,1.277158,0.5227944,INPUT
55.44905,0.06810358,1.289453,0.4818644,0.08422904,1.274891,0.5268967,INPUT
55.48695,0.06603621,1.286529,0.4883404,0.08187339,1.270869,0.5331057,INPUT
55.51872,0.06306922,1.283631,0.4935686,0.07888307,1.267285,0.5380965,INPUT
55.55313,0.06113552,1.281509,0.4969666,0.07746555,1.265012,0.5412517,INPUT
55.58379,0.06007798,1.279457,0.4998323,0.0765908,1.262704,0.5439533,INPUT
55.58379,0.06007798,1.279457,0.4998323,0.0765908,1.262704,0.5439533,TRIGGER
55.60958,0.05909812,1.277708,0.5022472,0.07539047,1.260539,0.5462902,INPUT
55.64121,0.0586668,1.276136,0.504491,0.07476711,1.25856,0.5484442,INPUT
55.67221,0.05891995,1.275051,0.5063472,0.07522976,1.257324,0.5501621,INPUT
55.70266,0.05881354,1.274317,0.5082515,0.07526726,1.256456,0.5519581,INPUT
55.72846,0.05947819,1.273929,0.5108754,0.07591788,1.255699,0.5544344,INPUT
55.75364,0.06070809,1.273887,0.5131113,0.07704283,1.255186,0.5565099,INPUT
55.78643,0.06236473,1.274435,0.5144971,0.07870357,1.255447,0.5577694,INPUT
55.82281,0.06408812,1.275649,0.5148104,0.08029924,1.256511,0.5580646,INPUT
55.85321,0.06660569,1.278544,0.5120844,0.0824903,1.259549,0.5555225,INPUT
55.88655,0.06762017,1.281533,0.5075071,0.08309179,1.262991,0.5512885,INPUT
55.91408,0.06489308,1.28465,0.5001823,0.07945029,1.266882,0.5445936,INPUT
55.9452,0.0612223,1.286419,0.493624,0.07534191,1.269529,0.5385171,INPUT
55.97845,0.05733614,1.288099,0.4856931,0.07100867,1.272292,0.5311156,INPUT
56.00988,0.05370416,1.288828,0.4785674,0.06683289,1.273809,0.5244156,INPUT
56.03296,0.0508838,1.289055,0.4728766,0.06339495,1.274514,0.5190504,INPUT
56.06201,0.04873346,1.28897,0.4664438,0.06057612,1.274908,0.5129412,INPUT
56.08838,0.04842401,1.288698,0.4600942,0.05983017,1.275093,0.5068361,INPUT
56.11248,0.04807514,1.287904,0.4551364,0.05907049,1.274557,0.5020508,INPUT
56.14167,0.04708831,1.28674,0.4503458,0.05775294,1.273738,0.4974332,INPUT
56.17494,0.0454075,1.285089,0.4453865,0.05575681,1.272441,0.4926404,INPUT
56.20123,0.0443358,1.282882,0.4397693,0.05427338,1.270636,0.4872169,INPUT
56.23397,0.04476976,1.281155,0.4357291,0.05443935,1.269096,0.4832799,INPUT
56.2684,0.04539038,1.27945,0.4322815,0.05476775,1.267448,0.4799051,INPUT
56.30154,0.04729307,1.277002,0.427616,0.05648169,1.265115,0.4753053,INPUT
56.33031,0.048719,1.274192,0.4233644,0.05775933,1.262347,0.4710925,INPUT
56.35297,0.05058371,1.270732,0.4185456,0.05945453,1.258898,0.4663082,INPUT
56.37815,0.05171596,1.267841,0.4146479,0.06026056,1.256065,0.4624844,INPUT
56.40621,0.05203813,1.265108,0.4112646,0.06022699,1.253418,0.4591844,INPUT
56.43932,0.05304298,1.261121,0.4061004,0.06077161,1.249509,0.4541153,INPUT
56.46749,0.05570349,1.256095,0.4003071,0.06306256,1.24448,0.4483794,INPUT
56.49385,0.05893457,1.249675,0.3942263,0.06572622,1.237914,0.4423466,INPUT
56.5252,0.06129496,1.243292,0.3880206,0.0671288,1.231432,0.4362421,INPUT
56.56598,0.06518461,1.235306,0.3813446,0.07015074,1.22325,0.4296147,INPUT
56.60306,0.07143895,1.222502,0.3736734,0.07557431,1.209955,0.4218966,INPUT
56.63961,0.07578107,1.206254,0.3639642,0.07971392,1.193682,0.4121979,INPUT
56.67732,0.07761557,1.188109,0.3545257,0.08204389,1.17585,0.4027968,INPUT
56.70578,0.07878497,1.165187,0.3480551,0.08429772,1.15286,0.396197,INPUT
56.73508,0.07758866,1.138688,0.3446133,0.0840396,1.12568,0.3924586,INPUT
56.76998,0.07609693,1.113298,0.3440187,0.0835169,1.099143,0.3913956,INPUT
56.80119,0.07703905,1.083202,0.3435546,0.08578371,1.067664,0.3902676,INPUT
56.82884,0.0812883,1.053482,0.3449833,0.09014808,1.035218,0.3906772,INPUT
56.86317,0.0858976,1.024888,0.3473841,0.09352516,1.003045,0.3917089,INPUT
56.89071,0.08985519,0.9955336,0.3473551,0.09594378,0.9705004,0.3902068,INPUT
56.91466,0.09173498,0.9738018,0.3475015,0.09700222,0.9465067,0.3890615,INPUT
56.94427,0.09082114,0.9534086,0.3470911,0.09543175,0.9242318,0.3874329,INPUT
56.97218,0.08776698,0.9347906,0.345253,0.09208006,0.9042547,0.3846098,INPUT
56.99848,0.08531702,0.9150556,0.3432475,0.08918132,0.8829582,0.3813896,INPUT
57.02515,0.08588849,0.9022965,0.3427758,0.08912905,0.8689392,0.3798809,INPUT
57.06438,0.08880542,0.8902137,0.3425475,0.09075779,0.8555223,0.3785017,INPUT
57.09886,0.09084223,0.8761575,0.3423496,0.09064778,0.8398493,0.3767251,INPUT
57.13288,0.09052317,0.8666219,0.3413275,0.08924789,0.8294352,0.374727,INPUT
57.16098,0.0887043,0.8563763,0.3399845,0.0864373,0.8184105,0.3724416,INPUT
57.21309,0.08870833,0.8492557,0.3397163,0.08581818,0.8108513,0.3716028,INPUT
57.24018,0.09078189,0.8417104,0.3398209,0.08792818,0.8029996,0.371338,INPUT
57.28469,0.09214802,0.8292294,0.3409836,0.08914836,0.7898792,0.3716849,INPUT
57.32328,0.09875803,0.8238462,0.3428981,0.0933416,0.7839311,0.3725198,INPUT
57.35148,0.1040267,0.8258151,0.341527,0.09870454,0.7862734,0.3716623,INPUT
57.38318,0.1050009,0.8294139,0.3386234,0.1004147,0.7905005,0.3696833,INPUT
57.41561,0.1037496,0.8334262,0.3346539,0.09929748,0.7952911,0.3666835,INPUT
