7.913489,0.1322712,0.8112807,0.1651203,-0.007297859,0.7895069,1,INPUT
7.932908,0.1301121,0.8109976,0.1644812,-0.002896756,0.79298,1,INPUT
7.947154,0.1284049,0.8107777,0.1639141,-0.006812483,0.792284,1,INPUT
7.964816,0.1265419,0.8105347,0.1635767,-0.01218612,0.7910592,1,INPUT
7.978622,0.12509,0.8102043,0.1632816,-0.01950197,0.7887249,0.9999999,INPUT
8.000496,0.1241414,0.8100685,0.1633503,-0.02455838,0.7865575,0.9999999,INPUT
8.024611,0.1242181,0.8102189,0.1632302,-0.02274848,0.7868595,0.9999999,INPUT
8.049672,0.1246244,0.8105069,0.1633251,-0.01327068,0.7899751,1,INPUT
8.070965,0.1252302,0.8112515,0.1631094,-0.00921803,0.7926514,1,INPUT
8.090816,0.1264963,0.8117887,0.1632301,-0.008429855,0.7969885,1,INPUT
8.110591,0.1284955,0.81305,0.1629759,-0.001295596,0.8003522,1,INPUT
8.132643,0.1307042,0.8147535,0.162162,0.009636648,0.8101575,1,INPUT
8.15534,0.1326463,0.8164305,0.1610874,0.0191169,0.8230228,1,INPUT
8.177782,0.1343389,0.8183819,0.1598419,0.02579851,0.8354497,1,INPUT
8.198458,0.1359089,0.8205319,0.1583748,0.03012796,0.8499164,1,INPUT
8.221499,0.136902,0.8221932,0.1569463,0.03476523,0.8667592,1,INPUT
8.24378,0.1376061,0.8236344,0.1557028,0.03993688,0.8793092,1,INPUT
8.268327,0.1376336,0.8249609,0.1544504,0.04302995,0.8903477,1,INPUT
8.287682,0.137364,0.8262383,0.1529137,0.04354522,0.9015811,1,INPUT
8.309355,0.1371979,0.8271743,0.1519797,0.04239981,0.9145265,1,INPUT
8.332335,0.1370567,0.8278798,0.1512114,0.0425582,0.9233451,1,INPUT
8.35649,0.1373334,0.8288373,0.1506435,0.04352462,0.9307947,1,INPUT
8.379232,0.138417,0.8297152,0.1501263,0.04808995,0.9401159,1,INPUT
8.40169,0.1392777,0.8305384,0.1495063,0.06060115,0.9491796,1,INPUT
8.423365,0.1399886,0.8316038,0.1486286,0.06903695,0.9573392,1,INPUT
8.44582,0.1409466,0.8328707,0.1477755,0.0731081,0.9665437,1,INPUT
8.471801,0.1419234,0.834391,0.146724,0.07960665,0.9773037,1,INPUT
8.491534,0.1424733,0.8359272,0.1453598,0.08803557,0.9904768,1,INPUT
8.509186,0.1425774,0.8369787,0.1444224,0.09284218,1.004099,1,INPUT
8.523712,0.1426189,0.8376205,0.1437067,0.09473153,1.013285,1,INPUT
8.538643,0.1426075,0.8382317,0.1430974,0.09633833,1.019539,1,INPUT
8.553758,0.1424692,0.8385814,0.1426599,0.09723544,1.025381,1,INPUT
8.568418,0.1424098,0.8386326,0.1424755,0.09927511,1.029176,1,INPUT
8.582301,0.1422909,0.8384529,0.1424604,0.1017026,1.030571,1,INPUT
8.597996,0.1419947,0.8380417,0.1425532,0.1027625,1.029725,1,INPUT
8.612906,0.1417008,0.8377211,0.142696,0.1018587,1.027835,1,INPUT
8.627159,0.141405,0.83742,0.1427742,0.1000242,1.026077,1,INPUT
8.643641,0.1412161,0.8372108,0.1431381,0.09701115,1.024837,1,INPUT
8.658234,0.1413634,0.8370554,0.1432629,0.09470131,1.023049,1,INPUT
8.679304,0.1415695,0.8369242,0.143411,0.09501524,1.021931,1,INPUT
8.694543,0.1420927,0.8367176,0.1435702,0.0957626,1.020447,1,INPUT
8.710436,0.1421192,0.8365593,0.143705,0.0974308,1.018679,1,INPUT
8.726481,0.1423461,0.836611,0.1437924,0.09792791,1.017132,1,INPUT
8.744005,0.1424112,0.8364905,0.1439608,0.09719206,1.015623,1,INPUT
8.759798,0.1425657,0.8364415,0.1441616,0.09630296,1.014108,1,INPUT
8.775428,0.1427554,0.8364322,0.1442361,0.09597395,1.013246,1,INPUT
8.788752,0.1428975,0.8363848,0.1442968,0.09585604,1.012666,1,INPUT
8.802894,0.1428141,0.8362527,0.1443534,0.09607351,1.011717,1,INPUT
8.822101,0.1430624,0.8359846,0.1447469,0.09603038,1.010391,1,INPUT
8.835871,0.1428528,0.8357455,0.1449472,0.0955494,1.007692,1,INPUT
8.855063,0.1426146,0.8356718,0.1451217,0.09395739,1.005406,1,INPUT
8.876043,0.1423815,0.835748,0.1450395,0.09060095,1.003942,1,INPUT
8.901315,0.1420991,0.835865,0.1448169,0.09021322,1.005073,1,INPUT
8.921437,0.1418288,0.8358251,0.1447095,0.08895248,1.005856,1,INPUT
8.944977,0.1416145,0.8357593,0.1446773,0.08794817,1.00593,1,INPUT
8.968952,0.1413593,0.8356682,0.144656,0.08736377,1.005734,1,INPUT
8.989517,0.1409363,0.8354667,0.1445908,0.08505124,1.005455,1,INPUT
9.01426,0.1409256,0.8353339,0.1447288,0.08298726,1.004134,1,INPUT
9.036032,0.1411174,0.8353047,0.1447265,0.08352383,1.003057,1,INPUT
9.055586,0.141276,0.8354412,0.1447884,0.08691351,1.003359,1,INPUT
9.076319,0.1411816,0.8354316,0.1446744,0.08746327,1.004028,1,INPUT
9.106241,0.1411036,0.8354281,0.1447169,0.08636685,1.004132,1,INPUT
9.126181,0.1412909,0.8353794,0.1447136,0.08561224,1.003851,1,INPUT
9.142498,0.1412958,0.8352175,0.1448388,0.08896634,1.00366,1,INPUT
9.165357,0.140766,0.8350034,0.1448224,0.09078106,1.002807,1,INPUT
9.165357,0.140766,0.8350034,0.1448224,0.09078106,1.002807,1,TRIGGER
9.187492,0.1401026,0.8349575,0.1446609,0.08552086,1.000654,1,INPUT
9.212542,0.1394916,0.8352466,0.1440302,0.07823209,0.9990751,1,INPUT
9.234641,0.1396985,0.8355229,0.1434409,0.08058548,1.005918,1,INPUT
9.257176,0.139717,0.8358881,0.1432035,0.09246601,1.010685,1,INPUT
9.280076,0.139574,0.8359481,0.1430975,0.09565835,1.012383,1,INPUT
9.307123,0.1393076,0.8362255,0.1431179,0.09280944,1.013068,1,INPUT
9.3252,0.1391574,0.8360779,0.1431311,0.09152499,1.013097,1,INPUT
9.344034,0.1393383,0.8357726,0.1431429,0.09119511,1.013663,1,INPUT
9.366478,0.1400199,0.8354388,0.1435673,0.09219909,1.011513,1,INPUT
9.388978,0.1403663,0.8348873,0.1439823,0.09555956,1.006921,1,INPUT
9.40628,0.1408356,0.8350452,0.1440232,0.09668758,1.00205,1,INPUT
9.422623,0.1410423,0.8352354,0.143933,0.09953442,1.00217,1,INPUT
9.439236,0.1410024,0.8354443,0.1436625,0.09982298,1.003617,1,INPUT
9.458938,0.1407527,0.8356112,0.1435698,0.09780398,1.005319,1,INPUT
9.481459,0.1403908,0.8356302,0.1433894,0.09625813,1.006497,1,INPUT
9.507344,0.1401211,0.8355293,0.1432727,0.09681706,1.006709,1,INPUT
9.524873,0.1397055,0.8355234,0.1431425,0.09760851,1.007243,1,INPUT
9.545745,0.1393041,0.8352119,0.1431451,0.09735365,1.00684,1,INPUT
9.559504,0.1391911,0.8351877,0.1433786,0.09493798,1.004702,1,INPUT
9.576031,0.1392845,0.8351145,0.1434652,0.0939649,1.003658,1,INPUT
9.590133,0.1394894,0.8351055,0.1435134,0.0953593,1.003423,1,INPUT
9.603925,0.1397297,0.8351436,0.1435133,0.09711649,1.004042,1,INPUT
9.62272,0.1399784,0.8351305,0.1435978,0.0988556,1.004589,1,INPUT
9.637319,0.1400908,0.835163,0.1435804,0.09908819,1.003927,1,INPUT
9.654407,0.1401119,0.8351688,0.1436667,0.09862944,1.003432,1,INPUT
9.667709,0.1401875,0.8352117,0.143771,0.09696455,1.002748,1,INPUT
9.681768,0.1403946,0.8352383,0.1438015,0.09689161,1.002915,1,INPUT
9.701668,0.14046,0.8351671,0.1439138,0.09827112,1.003316,1,INPUT
9.715129,0.1405135,0.8350363,0.14391,0.09977485,1.003124,1,INPUT
9.732007,0.1404627,0.8348854,0.1441412,0.1006254,1.001735,1,INPUT
9.746566,0.1403745,0.8347014,0.1442118,0.1002252,0.9999666,1,INPUT
9.765635,0.1401744,0.8345608,0.1442931,0.09908435,0.9983036,1,INPUT
9.781308,0.1400715,0.8345571,0.1442719,0.0979301,0.9968518,1,INPUT
9.810444,0.1401056,0.8345512,0.1441678,0.0985165,0.9971587,1,INPUT
9.833092,0.1401436,0.8344576,0.1441045,0.09900151,0.997633,1,INPUT
9.854376,0.1401128,0.8344364,0.1442019,0.09836987,0.9973281,1,INPUT
9.876404,0.1402729,0.8344628,0.1443683,0.09814207,0.9966898,1,INPUT
9.899006,0.1402567,0.8343616,0.1443247,0.09878108,0.9966763,1,INPUT
9.92474,0.1402476,0.8342695,0.1444573,0.09892118,0.9963994,1,INPUT
9.943259,0.1400754,0.8340942,0.14456,0.09680004,0.9955205,1,INPUT
9.964472,0.1403007,0.8341443,0.1446007,0.09406826,0.9935659,1,INPUT
9.987774,0.1405296,0.8343427,0.1445878,0.09622141,0.9941244,1,INPUT
10.00917,0.1405013,0.8343753,0.1443988,0.09778744,0.9957962,1,INPUT
10.03211,0.1403732,0.8344167,0.1443413,0.09787378,0.9962109,1,INPUT
10.05488,0.1401471,0.83441,0.1444089,0.09603579,0.9960745,1,INPUT
10.0763,0.1401172,0.8344468,0.1443306,0.09369695,0.9957122,1,INPUT
10.0986,0.1399628,0.8344689,0.1442003,0.09380771,0.9966137,1,INPUT
10.0986,0.1399628,0.8344689,0.1442003,0.09380771,0.9966137,1,TRIGGER
10.12391,0.139837,0.8345577,0.1442904,0.09337702,0.9976477,1,INPUT
10.14812,0.1394475,0.8343663,0.1443713,0.09172057,0.9975927,1,INPUT
10.16797,0.1387239,0.8343828,0.1444926,0.08909059,0.9951243,1,INPUT
10.19038,0.1383969,0.8342609,0.1444766,0.08237212,0.9941333,1,INPUT
10.21223,0.1381447,0.8341085,0.1442495,0.0800667,0.9952458,1,INPUT
10.23563,0.1377925,0.834129,0.1442162,0.07808366,0.9959909,1,INPUT
10.25665,0.1375639,0.8339737,0.1441936,0.07576634,0.9962152,1,INPUT
10.27592,0.1374565,0.8338812,0.1443617,0.07541806,0.9948367,1,INPUT
10.29799,0.1377848,0.8336645,0.1444785,0.0753731,0.9937236,1,INPUT
10.32051,0.1382055,0.8333664,0.1446582,0.07868497,0.9925046,1,INPUT
10.33824,0.138457,0.8332485,0.1446789,0.08182374,0.9902801,1,INPUT
10.35456,0.1383962,0.8330118,0.1450224,0.08209707,0.9896419,1,INPUT
10.36896,0.138493,0.8330066,0.1452072,0.07927792,0.9878046,1,INPUT
10.39193,0.1389137,0.8332355,0.145441,0.07994302,0.9863607,1,INPUT
10.41248,0.139251,0.8333274,0.1452511,0.08316669,0.9865229,1,INPUT
10.4269,0.1394546,0.833327,0.1452829,0.08511609,0.9868557,1,INPUT
10.44587,0.1394238,0.8332548,0.14537,0.08681779,0.9867713,1,INPUT
10.47098,0.1392904,0.8331224,0.1452681,0.08577034,0.9857057,1,INPUT
10.4912,0.1391997,0.8331917,0.1453955,0.08515514,0.9844373,1,INPUT
10.50994,0.1391519,0.8331896,0.1454565,0.08428933,0.9843606,1,INPUT
10.5269,0.1391494,0.8331185,0.1455086,0.08474529,0.9844294,1,INPUT
10.54852,0.1390842,0.8329756,0.1455683,0.08508711,0.9839017,1,INPUT
10.56379,0.1389092,0.8328536,0.1455874,0.08434294,0.9826157,1,INPUT
10.58023,0.1388533,0.8327882,0.1457675,0.08263975,0.980893,1,INPUT
10.59917,0.1389018,0.8326314,0.1458794,0.08147482,0.9797711,1,INPUT
10.61396,0.1390699,0.8326801,0.1459906,0.08138081,0.9792959,1,INPUT
10.63321,0.1391819,0.8326392,0.1459601,0.08302633,0.9799146,1,INPUT
10.65133,0.1392388,0.8325551,0.1458882,0.08412658,0.9797973,1,INPUT
10.66716,0.1391831,0.8324955,0.14605,0.08398151,0.979472,1,INPUT
10.68297,0.13918,0.8324767,0.1460389,0.08290354,0.9787604,1,INPUT
10.69865,0.1390954,0.8324338,0.146128,0.0819574,0.9779786,1,INPUT
10.71334,0.139195,0.8325074,0.1460273,0.08132182,0.9778527,1,INPUT
10.73107,0.139267,0.8325394,0.1459997,0.0820957,0.9783026,1,INPUT
10.75703,0.1392629,0.8324534,0.1460165,0.0824908,0.9786459,1,INPUT
10.7762,0.1393206,0.832349,0.1460555,0.08224882,0.9781707,1,INPUT
10.79847,0.1391967,0.8321587,0.1462131,0.08101831,0.9770011,1,INPUT
10.82036,0.1391579,0.832054,0.1463062,0.07769233,0.9753754,1,INPUT
10.84406,0.1393116,0.8319879,0.1464105,0.07556128,0.9749534,1,INPUT
10.86681,0.1396066,0.8318134,0.146435,0.07667737,0.9745067,1,INPUT
10.88958,0.1399303,0.8318002,0.1465862,0.07770269,0.9738618,1,INPUT
10.91162,0.1400823,0.8318786,0.1467109,0.078477,0.9731436,1,INPUT
10.93214,0.1401979,0.8319153,0.1466351,0.07839653,0.9728027,1,INPUT
10.95704,0.1403491,0.8319871,0.1465581,0.07898776,0.972726,1,INPUT
10.97906,0.1404779,0.83202,0.1466853,0.08048471,0.9730239,1,INPUT
10.99897,0.1403144,0.8319656,0.146898,0.08117706,0.9729466,1,INPUT
11.02322,0.1401241,0.831897,0.1468284,0.08049384,0.972302,1,INPUT
11.0434,0.1400117,0.832033,0.1466583,0.07924742,0.972068,1,INPUT
11.06591,0.1398591,0.8321762,0.1465895,0.0780607,0.9735308,1,INPUT
11.06591,0.1398591,0.8321762,0.1465895,0.0780607,0.9735308,1,TRIGGER
11.08669,0.1395358,0.8322074,0.1464459,0.07753036,0.9749925,1,INPUT
11.11247,0.139376,0.8323992,0.1460297,0.07569958,0.975575,1,INPUT
11.13432,0.1390263,0.832422,0.1457473,0.07697416,0.9763862,1,INPUT
11.16489,0.1385354,0.8323063,0.1457414,0.07514818,0.9769801,1,INPUT
11.18337,0.1380553,0.8323515,0.1456744,0.07143259,0.9766352,1,INPUT
11.20109,0.1378327,0.8325326,0.1455531,0.06827796,0.9773527,1,INPUT
11.22355,0.1380111,0.8325216,0.145507,0.0685288,0.9781457,1,INPUT
11.24214,0.1379685,0.8325316,0.1455006,0.07106691,0.9786581,1,INPUT
11.26475,0.1381445,0.8324049,0.1456241,0.07079753,0.9786972,1,INPUT
11.27867,0.1384102,0.8323804,0.1458311,0.0713769,0.9772181,1,INPUT
11.29298,0.1387375,0.8322852,0.1458997,0.0728519,0.9759704,1,INPUT
11.30867,0.139307,0.8323023,0.1461576,0.07533598,0.9749398,1,INPUT
11.32323,0.139833,0.832204,0.1461858,0.07969181,0.9740783,1,INPUT
11.33752,0.1402581,0.8321596,0.1461263,0.08056583,0.9735402,1,INPUT
11.36183,0.1406727,0.8320831,0.146412,0.0804837,0.9728831,1,INPUT
11.37982,0.1410893,0.8320449,0.1465546,0.0805736,0.9716263,1,INPUT
11.40297,0.1414691,0.8320372,0.1465681,0.08254069,0.9708111,1,INPUT
11.42453,0.1418898,0.8319831,0.1466038,0.08541927,0.9716295,1,INPUT
11.44585,0.1423406,0.8321446,0.1463144,0.08764476,0.9722046,1,INPUT
11.46047,0.1426289,0.8325033,0.1460728,0.08701059,0.974984,1,INPUT
11.48048,0.1434602,0.8329828,0.1455768,0.08701059,0.974984,1,INPUT
11.50755,0.1449021,0.8336107,0.1450166,0.08701059,0.974984,1,INPUT
11.529,0.1476935,0.8342521,0.1451478,0.08701059,0.974984,1,INPUT
11.54641,0.1511062,0.8344411,0.1460628,0.08701059,0.974984,1,INPUT
11.57257,0.1562614,0.8338881,0.1482472,0.08701059,0.974984,1,INPUT
11.59091,0.1648489,0.8331925,0.1507404,0.08701059,0.974984,1,INPUT
11.60443,0.1708276,0.8327399,0.1520691,0.08701059,0.974984,1,INPUT
11.62018,0.1789224,0.8320451,0.1534451,0.08701059,0.974984,1,INPUT
11.63417,0.1862599,0.8310304,0.1544443,0.08701059,0.974984,1,INPUT
11.65217,0.1955807,0.829678,0.1555128,0.08701059,0.974984,1,INPUT
11.67198,0.2078843,0.8278165,0.155925,0.08701059,0.974984,1,INPUT
11.68622,0.2197362,0.825538,0.1556445,0.08701059,0.974984,1,INPUT
11.70925,0.2340866,0.8225508,0.1542692,0.08701059,0.974984,1,INPUT
11.7326,0.2471191,0.8188128,0.152677,0.08701059,0.974984,1,INPUT
11.75467,0.2581267,0.8145801,0.1515724,0.08701059,0.974984,1,INPUT
11.78158,0.2670457,0.810582,0.1502124,0.08701059,0.974984,1,INPUT
11.80101,0.2743289,0.806496,0.1488802,0.08701059,0.974984,1,INPUT
11.82105,0.2794391,0.803053,0.1483881,0.08701059,0.974984,1,INPUT
11.84366,0.2844265,0.7996387,0.1473607,0.08701059,0.974984,1,INPUT
11.86611,0.2881042,0.7969361,0.1465172,0.08701059,0.974984,1,INPUT
11.88748,0.2912375,0.7951144,0.1458057,0.08701059,0.974984,1,INPUT
11.91009,0.2945905,0.7937222,0.144446,0.08701059,0.974984,1,INPUT
11.93281,0.2972755,0.7932327,0.1431578,0.08701059,0.974984,1,INPUT
11.95552,0.2997446,0.7931896,0.1418678,0.08701059,0.974984,1,INPUT
11.98308,0.3022996,0.7935803,0.1404549,0.08701059,0.974984,1,INPUT
11.99904,0.3049124,0.7942115,0.1383619,0.08701059,0.974984,1,INPUT
12.02294,0.3090194,0.7951359,0.1344103,0.08701059,0.974984,1,INPUT
12.04368,0.3119238,0.796012,0.1304241,0.08701059,0.974984,1,INPUT
12.06478,0.3146713,0.7976766,0.1271211,0.08701059,0.974984,1,INPUT
12.08646,0.3175566,0.7996566,0.1237726,0.08701059,0.974984,1,INPUT
12.10913,0.3209226,0.8018391,0.1191029,0.08701059,0.974984,1,INPUT
12.1327,0.3242623,0.8043287,0.1141277,0.08701059,0.974984,1,INPUT
12.15383,0.326869,0.8064768,0.1093795,0.08701059,0.974984,1,INPUT
12.1756,0.3292143,0.8087462,0.1045185,0.08701059,0.974984,1,INPUT
12.20177,0.3311411,0.8106753,0.09998072,0.08701059,0.974984,1,INPUT
12.22096,0.3330198,0.8119178,0.09550308,0.08701059,0.974984,1,INPUT
12.23487,0.3344016,0.8129991,0.09249508,0.08701059,0.974984,1,INPUT
12.24843,0.3353563,0.8133955,0.0891036,0.08701059,0.974984,1,INPUT
12.2647,0.3364518,0.8141462,0.0853738,0.08701059,0.974984,1,INPUT
12.27779,0.3370705,0.8149143,0.08306082,0.08701059,0.974984,1,INPUT
12.29141,0.3374734,0.8151173,0.08076444,0.08701059,0.974984,1,INPUT
12.30899,0.3378383,0.8155026,0.07812787,0.08701059,0.974984,1,INPUT
12.32198,0.3381155,0.8153816,0.07609031,0.08701059,0.974984,1,INPUT
12.33511,0.338495,0.8152086,0.07348589,0.08701059,0.974984,1,INPUT
12.35351,0.3389072,0.8149112,0.06993198,0.08701059,0.974984,1,INPUT
12.36785,0.3388347,0.8145938,0.06745232,0.08701059,0.974984,1,INPUT
12.38187,0.3387102,0.8143655,0.06514367,0.08701059,0.974984,1,INPUT
12.4025,0.3381648,0.8141722,0.06272981,0.08701059,0.974984,1,INPUT
12.41681,0.3374387,0.8140477,0.06068723,0.08701059,0.974984,1,INPUT
12.4351,0.3370971,0.8135071,0.05807826,0.08701059,0.974984,1,INPUT
12.45179,0.3366258,0.8129295,0.05522747,0.08701059,0.974984,1,INPUT
12.4682,0.3360644,0.8122209,0.05216109,0.08701059,0.974984,1,INPUT
12.48264,0.3355432,0.8115825,0.05002819,0.08701059,0.974984,1,INPUT
12.49807,0.3350972,0.81117,0.04769398,0.08701059,0.974984,1,INPUT
12.51188,0.3346738,0.8108402,0.04551183,0.08701059,0.974984,1,INPUT
12.52568,0.334209,0.8107731,0.04339417,0.08701059,0.974984,1,INPUT
12.54225,0.3337689,0.8108352,0.04088186,0.08701059,0.974984,1,INPUT
12.55531,0.333411,0.8109612,0.03877616,0.08701059,0.974984,1,INPUT
12.56832,0.3332163,0.811178,0.03690851,0.08701059,0.974984,1,INPUT
12.5823,0.3330943,0.8114662,0.03512933,0.08701059,0.974984,1,INPUT
12.60048,0.3328871,0.8118137,0.03335921,0.08701059,0.974984,1,INPUT
12.61421,0.3328712,0.8124034,0.03126408,0.08701059,0.974984,1,INPUT
12.63101,0.3329185,0.812803,0.02836677,0.08701059,0.974984,1,INPUT
12.6451,0.3329651,0.813203,0.02568116,0.08701059,0.974984,1,INPUT
12.66705,0.3327206,0.8141242,0.02170633,0.08701059,0.974984,1,INPUT
12.68024,0.3323064,0.8147934,0.01986641,0.08701059,0.974984,1,INPUT
12.69803,0.331715,0.8150157,0.01835365,0.08701059,0.974984,1,INPUT
12.72076,0.3313645,0.8158259,0.01646052,0.08701059,0.974984,1,INPUT
12.7421,0.3310804,0.8161935,0.01336828,0.08701059,0.974984,1,INPUT
12.76404,0.3304776,0.8165766,0.01029255,0.08701059,0.974984,1,INPUT
12.78705,0.3295798,0.8167992,0.008831863,0.08701059,0.974984,1,INPUT
12.81172,0.3285381,0.8173606,0.008008262,0.08701059,0.974984,1,INPUT
12.83273,0.3273981,0.8181033,0.006550012,0.08701059,0.974984,1,INPUT
12.85338,0.325976,0.8193129,0.004772643,1.965137,0.8483997,0.3934154,INPUT
12.87668,0.3238531,0.8206444,0.003784174,1.969674,0.8659916,0.3764855,INPUT
12.90101,0.3222522,0.8221332,0.003493715,1.971381,0.8882908,0.3701151,INPUT
12.92341,0.3206979,0.8232906,0.003594447,1.970243,0.9108834,0.3743607,INPUT
12.94507,0.3192561,0.8237243,0.002431862,1.967495,0.930225,0.384616,INPUT
12.96879,0.3178386,0.8238352,0.001720346,1.969559,0.9446687,0.3769131,INPUT
12.99158,0.3165244,0.823584,0.001442159,1.970419,0.9537755,0.3737034,INPUT
13.02837,0.3148859,0.823092,0.001967874,1.969558,0.9577124,0.3769167,INPUT
13.05046,0.3127095,0.8227251,0.002490966,1.968357,0.9622316,0.381401,INPUT
13.08267,0.3102368,0.8234065,0.002535262,1.967493,0.9707198,0.3846243,INPUT
13.09936,0.3093956,0.8242156,0.002538368,1.966376,0.9925051,0.3887944,INPUT
13.12107,0.3080927,0.8250378,0.003023441,1.966222,1.000557,0.3893662,INPUT
13.14397,0.3076347,0.8255229,0.003456186,1.965045,1.008575,0.3937614,INPUT
13.16435,0.307095,0.8258895,0.003237616,1.964182,1.015456,0.3969828,INPUT
13.18718,0.3062613,0.8262445,0.003112754,1.965122,1.023018,0.3934721,INPUT
13.20915,0.3057178,0.8264601,0.003498277,1.965003,1.030973,0.393916,INPUT
13.23549,0.3054315,0.8261976,0.004697992,1.964486,1.034335,0.3958464,INPUT
13.25421,0.3051955,0.8258011,0.005145006,1.962005,1.03101,0.405106,INPUT
13.26891,0.305192,0.8257509,0.004847548,1.961219,1.02824,0.408039,INPUT
13.28709,0.3049175,0.8256229,0.004791297,1.962215,1.028173,0.4043233,INPUT
13.30107,0.3047113,0.8258436,0.004770502,1.96234,1.028391,0.4038567,INPUT
13.31575,0.3045845,0.8259279,0.004891515,1.961841,1.029616,0.4057177,INPUT
13.3313,0.3044935,0.8259746,0.005114388,1.961099,1.030429,0.4084875,INPUT
13.34498,0.3044594,0.8259477,0.005310006,1.959838,1.030632,0.4131926,INPUT
13.35899,0.3042518,0.8256831,0.006038094,1.958513,1.029945,0.4181381,INPUT
13.37568,0.3040571,0.8254383,0.006056424,1.958094,1.028811,0.4196993,INPUT
13.39002,0.3041259,0.8255996,0.005875867,1.958169,1.027823,0.4194213,INPUT
13.40474,0.3041686,0.8255306,0.006094649,1.957915,1.026281,0.4203679,INPUT
13.42078,0.3042663,0.8254357,0.006341753,1.956962,1.024106,0.4239264,INPUT
13.43919,0.3043515,0.825379,0.006447103,1.955757,1.022601,0.4284207,INPUT
13.45478,0.3041478,0.8255405,0.006497521,1.954899,1.022146,0.4316262,INPUT
13.47054,0.3041619,0.82568,0.006452378,1.954927,1.025129,0.4315194,INPUT
13.48734,0.3039057,0.8260716,0.006627172,1.954887,1.028697,0.4316704,INPUT
13.50189,0.3037747,0.8262412,0.006831346,1.9544,1.033368,0.4334892,INPUT
13.51593,0.3035915,0.8263316,0.007157829,1.953767,1.036116,0.4358494,INPUT
13.53111,0.3036449,0.826345,0.007291986,1.95284,1.036509,0.4393112,INPUT
13.54545,0.3038139,0.8264184,0.007191557,1.952711,1.035013,0.4397897,INPUT
13.55962,0.3038146,0.8264739,0.007009108,1.953422,1.033343,0.4371389,INPUT
13.5756,0.3036086,0.8263113,0.007248644,1.953628,1.033051,0.4363678,INPUT
13.58851,0.3034824,0.8263438,0.007633476,1.952756,1.034604,0.4396228,INPUT
13.60242,0.3031863,0.8265364,0.008078335,1.951361,1.035692,0.4448298,INPUT
13.60242,0.3031863,0.8265364,0.008078335,1.951361,1.035692,0.4448298,TRIGGER
13.62004,0.3031654,0.8264216,0.008431744,1.949538,1.037032,0.4516329,INPUT
13.63551,0.3031886,0.8262153,0.008606243,1.948997,1.033636,0.4536521,INPUT
13.66064,0.3029697,0.8259229,0.008103523,1.950297,1.029459,0.4488005,INPUT
13.67921,0.3023341,0.8260399,0.008613928,1.952698,1.029392,0.4398384,INPUT
13.7019,0.3013672,0.8265066,0.009760959,1.951376,1.035931,0.444774,INPUT
13.72291,0.3010901,0.8269296,0.01094508,1.948709,1.042269,0.4547262,INPUT
13.73826,0.3011548,0.8269934,0.01099966,1.94618,1.046877,0.4641632,INPUT
13.75721,0.3011632,0.827007,0.0108797,1.94713,1.047571,0.4606192,INPUT
13.77651,0.3010936,0.8267509,0.01069552,1.948315,1.046189,0.4561988,INPUT
13.79803,0.3011125,0.8271421,0.01054157,1.947989,1.047311,0.4574142,INPUT
13.82067,0.3010916,0.8271258,0.01009961,1.947624,1.050425,0.4587745,INPUT
13.84217,0.3010475,0.8269832,0.009924565,1.947867,1.053485,0.4578682,INPUT
13.8682,0.3009821,0.8273254,0.009997879,1.949393,1.054686,0.4521743,INPUT
13.89033,0.3011093,0.8273617,0.01020107,1.949366,1.052397,0.4522749,INPUT
13.91117,0.3012685,0.8274074,0.01018821,1.948104,1.051092,0.4569853,INPUT
13.9343,0.3010893,0.8274199,0.01001292,1.94789,1.04994,0.4577843,INPUT
13.95612,0.3010884,0.8273193,0.01002838,1.948838,1.051042,0.4542457,INPUT
13.98053,0.3013419,0.827327,0.00994431,1.94896,1.052783,0.453788,INPUT
14.00119,0.3014455,0.8272122,0.009955333,1.948965,1.049567,0.4537693,INPUT
14.0218,0.3017236,0.8271065,0.009818796,1.948943,1.047525,0.453853,INPUT
14.04322,0.3018856,0.8270149,0.009880865,1.949025,1.045488,0.4535466,INPUT
14.06768,0.3017517,0.8271043,0.01001415,1.948746,1.043964,0.4545887,INPUT
14.08813,0.3018392,0.8270736,0.01001205,1.948236,1.045115,0.4564915,INPUT
14.11125,0.301708,0.8270943,0.009688928,1.948214,1.044876,0.4565726,INPUT
14.13349,0.3017882,0.8268628,0.009612268,1.948771,1.044167,0.4544941,INPUT
14.15548,0.3019587,0.8265386,0.009885998,1.948834,1.041157,0.4542584,INPUT
14.17786,0.3019494,0.8265268,0.01008046,1.948172,1.03901,0.4567311,INPUT
14.19947,0.3018542,0.826413,0.01005348,1.947597,1.038857,0.4588757,INPUT
14.22189,0.3019749,0.8263798,0.009862933,1.947803,1.039271,0.4581096,INPUT
14.2439,0.3021862,0.8263124,0.009880852,1.948952,1.036928,0.4538185,INPUT
14.26856,0.3021229,0.8263158,0.009824049,1.949621,1.035387,0.4513232,INPUT
14.28871,0.302253,0.8261899,0.009901791,1.948875,1.03501,0.4541081,INPUT
14.30461,0.3023831,0.825967,0.009704269,1.948668,1.034661,0.4548808,INPUT
14.3205,0.3025806,0.8257105,0.00952078,1.949635,1.031644,0.4512702,INPUT
14.33676,0.302826,0.8255645,0.009434061,1.950338,1.028124,0.4486467,INPUT
14.35376,0.3030166,0.8254226,0.009498596,1.950489,1.025129,0.4480842,INPUT
14.37117,0.3031921,0.8254184,0.009568216,1.949796,1.023411,0.4506683,INPUT
14.388,0.3032498,0.8252861,0.009683829,1.949035,1.023104,0.4535104,INPUT
14.40322,0.3033275,0.8251632,0.009446554,1.949345,1.021895,0.4523525,INPUT
14.42006,0.3032533,0.82507,0.009466077,1.949884,1.020459,0.4503399,INPUT
14.43502,0.3031718,0.8250431,0.009518271,1.950042,1.01982,0.4497508,INPUT
14.43502,0.3031718,0.8250431,0.009518271,1.950042,1.01982,0.4497508,TRIGGER
14.45449,0.3029815,0.8251752,0.009881907,1.94951,1.020727,0.4517385,INPUT
14.47677,0.3029043,0.8252556,0.01018658,1.947693,1.023171,0.458517,INPUT
14.49197,0.302646,0.825489,0.01010579,1.946906,1.024817,0.4614556,INPUT
14.51142,0.302456,0.8257657,0.009653499,1.947462,1.028473,0.459379,INPUT
14.52543,0.3020801,0.8262243,0.009356707,1.94905,1.033123,0.4534557,INPUT
14.54504,0.3016691,0.8268321,0.009582488,1.949636,1.039737,0.4512651,INPUT
14.55891,0.3010541,0.8271651,0.01005287,1.947763,1.048671,0.4582581,INPUT
14.57867,0.3006256,0.8276214,0.0102429,1.946036,1.054332,0.4647011,INPUT
14.59215,0.3002592,0.8278263,0.01029719,1.946132,1.060047,0.4643443,INPUT
14.60931,0.2998967,0.8277909,0.01039345,1.94651,1.063825,0.462932,INPUT
14.62297,0.2998413,0.8277064,0.01047787,1.946734,1.066227,0.4620983,INPUT
14.63617,0.2998307,0.8275288,0.01086999,1.946541,1.065335,0.4628162,INPUT
14.65367,0.3,0.8272479,0.01126327,1.94568,1.063681,0.4660319,INPUT
14.66715,0.3002726,0.8268169,0.01132088,1.943854,1.059294,0.4728437,INPUT
14.68513,0.300606,0.826196,0.01074123,1.943646,1.056619,0.4736214,INPUT
14.69888,0.3006515,0.8260861,0.01002048,1.946108,1.053616,0.4644341,INPUT
14.71991,0.3003359,0.826295,0.009763347,1.948278,1.053345,0.4563356,INPUT
14.74481,0.300164,0.8268209,0.01001961,1.948815,1.055868,0.4543301,INPUT
14.77548,0.3002458,0.8270085,0.01009627,1.948409,1.057928,0.4558462,INPUT
14.78951,0.3002892,0.8269995,0.01001527,1.948588,1.057281,0.4551782,INPUT
14.81174,0.3003224,0.826644,0.01007244,1.94903,1.05642,0.4535298,INPUT
14.83372,0.300382,0.8264436,0.01008977,1.949171,1.053712,0.4530031,INPUT
14.85733,0.3005434,0.8262476,0.01014503,1.948422,1.053087,0.4557969,INPUT
14.87566,0.3006089,0.8261455,0.01014413,1.948493,1.050826,0.4555316,INPUT
14.9007,0.3006149,0.8260966,0.01014154,1.948695,1.049652,0.4547772,INPUT
14.92189,0.3005018,0.8259293,0.01031938,1.94875,1.048857,0.4545715,INPUT
14.94294,0.3006358,0.8257726,0.01047683,1.948557,1.047683,0.4552919,INPUT
14.9644,0.3007045,0.8255513,0.01052031,1.948114,1.045891,0.4569471,INPUT
14.98676,0.300988,0.8255112,0.01014672,1.94809,1.043602,0.4570353,INPUT
15.00851,0.3011849,0.8255125,0.009977967,1.949045,1.041878,0.4534707,INPUT
15.03372,0.3013872,0.825479,0.01008387,1.94889,1.041105,0.454052,INPUT
15.05352,0.30167,0.8254036,0.0101785,1.948395,1.038136,0.4558984,INPUT
15.07555,0.302114,0.8250784,0.01003594,1.947912,1.033279,0.4577016,INPUT
15.09859,0.3020326,0.8248618,0.009798582,1.949152,1.029308,0.4530728,INPUT
15.12292,0.3020506,0.8249873,0.009803656,1.949813,1.029584,0.4506057,INPUT
15.14401,0.3020992,0.8246779,0.01017126,1.949021,1.030157,0.4535613,INPUT
15.16511,0.302451,0.824798,0.01007231,1.947998,1.028392,0.4573779,INPUT
15.18825,0.302636,0.8247312,0.009834745,1.94903,1.024415,0.4535281,INPUT
15.20357,0.3026426,0.8247472,0.009708986,1.950577,1.022527,0.4477534,INPUT
15.20357,0.3026426,0.8247472,0.009708986,1.950577,1.022527,0.4477534,TRIGGER
15.22102,0.302528,0.8248134,0.009915267,1.950543,1.022991,0.4478816,INPUT
15.23736,0.3024565,0.8247876,0.01043328,1.949089,1.024148,0.4533091,INPUT
15.25621,0.3026923,0.8245682,0.01063522,1.947594,1.023729,0.458887,INPUT
15.27171,0.3030107,0.8243195,0.01041075,1.947659,1.019308,0.4586471,INPUT
15.2907,0.3032147,0.8241737,0.01029385,1.949216,1.014745,0.4528339,INPUT
15.31198,0.3032397,0.8242749,0.01009398,1.949809,1.013063,0.4506215,INPUT
15.33259,0.3030843,0.8245502,0.01047564,1.948329,1.016085,0.4561457,INPUT
15.34695,0.3030933,0.8246533,0.0108433,1.946165,1.018901,0.4642218,INPUT
15.36507,0.3032828,0.824496,0.0108444,1.944653,1.017877,0.4698656,INPUT
15.37939,0.303468,0.8245637,0.01034774,1.945355,1.013652,0.4672434,INPUT
15.40032,0.3036717,0.8245707,0.01003097,1.946622,1.011215,0.4625155,INPUT
15.41789,0.3035767,0.8246846,0.009875776,1.946964,1.010669,0.4612384,INPUT
15.43575,0.3036113,0.8242934,0.01004501,1.946592,1.011679,0.4626266,INPUT
15.45516,0.3037535,0.824372,0.009834265,1.946872,1.010893,0.4615822,INPUT
15.47354,0.3039175,0.8243327,0.00974644,1.946982,1.009106,0.4611728,INPUT
15.48914,0.3041535,0.8245239,0.009772502,1.946597,1.008055,0.4626073,INPUT
15.50535,0.3044952,0.8245051,0.009411796,1.945415,1.007893,0.4670192,INPUT
15.52419,0.3050836,0.8247998,0.008621564,1.94478,1.008546,0.4693876,INPUT
15.5525,0.3055533,0.8247713,0.007835193,1.94478,1.008546,0.4693876,INPUT
15.57125,0.3060433,0.8252341,0.006944533,1.94478,1.008546,0.4693876,INPUT
15.59391,0.3064283,0.8261527,0.005925268,1.94478,1.008546,0.4693876,INPUT
15.62625,0.3072059,0.8280905,0.00448276,1.94478,1.008546,0.4693876,INPUT
15.64665,0.308757,0.8285781,0.002772275,1.94478,1.008546,0.4693876,INPUT
15.6673,0.310702,0.8285339,0.0006234609,1.94478,1.008546,0.4693876,INPUT
15.68661,0.3122757,0.828694,-0.002999239,1.94478,1.008546,0.4693876,INPUT
15.70873,0.3145144,0.8287609,-0.008918662,1.94478,1.008546,0.4693876,INPUT
15.73206,0.3166108,0.8292187,-0.01803398,1.94478,1.008546,0.4693876,INPUT
15.75961,0.3180906,0.8318886,-0.02924643,1.94478,1.008546,0.4693876,INPUT
15.77796,0.318779,0.8362051,-0.03789869,1.94478,1.008546,0.4693876,INPUT
15.7991,0.3189948,0.8437306,-0.04483311,1.94478,1.008546,0.4693876,INPUT
15.82002,0.3200344,0.8505698,-0.05143361,1.94478,1.008546,0.4693876,INPUT
15.84187,0.3220612,0.8577749,-0.05948494,1.94478,1.008546,0.4693876,INPUT
15.86378,0.3250524,0.8642944,-0.06852251,1.94478,1.008546,0.4693876,INPUT
15.88709,0.3262509,0.865187,-0.07457475,1.94478,1.008546,0.4693876,INPUT
15.90926,0.3277183,0.8722676,-0.08378506,1.94478,1.008546,0.4693876,INPUT
15.93061,0.3248827,0.8814579,-0.09178981,1.94478,1.008546,0.4693876,INPUT
15.95344,0.3221373,0.8906857,-0.09991935,1.94478,1.008546,0.4693876,INPUT
15.98042,0.3203772,0.8990462,-0.1081266,1.94478,1.008546,0.4693876,INPUT
15.99804,0.3197848,0.9062387,-0.1157419,1.94478,1.008546,0.4693876,INPUT
16.02302,0.3177019,0.9140723,-0.1246313,1.94478,1.008546,0.4693876,INPUT
16.04414,0.3169074,0.9199124,-0.1320853,1.94478,1.008546,0.4693876,INPUT
16.06412,0.3162716,0.9261041,-0.1407006,1.94478,1.008546,0.4693876,INPUT
16.08624,0.3163297,0.9313952,-0.1500628,1.94478,1.008546,0.4693876,INPUT
16.10836,0.3169265,0.9360452,-0.1600669,1.94478,1.008546,0.4693876,INPUT
16.13106,0.3180611,0.9406654,-0.1702408,1.94478,1.008546,0.4693876,INPUT
16.14421,0.3187346,0.9434021,-0.1764968,1.94478,1.008546,0.4693876,INPUT
16.15747,0.3197984,0.9455692,-0.1833309,1.94478,1.008546,0.4693876,INPUT
16.17849,0.3213121,0.9478589,-0.1931197,1.94478,1.008546,0.4693876,INPUT
16.19154,0.3225745,0.9493819,-0.2020015,1.94478,1.008546,0.4693876,INPUT
16.20941,0.3244413,0.9506521,-0.2116055,1.94478,1.008546,0.4693876,INPUT
16.225,0.3261015,0.9516432,-0.2195692,1.94478,1.008546,0.4693876,INPUT
16.24181,0.3284847,0.9531752,-0.2277598,1.94478,1.008546,0.4693876,INPUT
16.25765,0.3316408,0.9548761,-0.2372365,1.94478,1.008546,0.4693876,INPUT
16.27656,0.3346996,0.9564314,-0.246623,1.94478,1.008546,0.4693876,INPUT
16.29214,0.3366701,0.9576372,-0.2547827,1.94478,1.008546,0.4693876,INPUT
16.31095,0.3379265,0.9576634,-0.2651376,1.94478,1.008546,0.4693876,INPUT
16.32471,0.338497,0.9568735,-0.2733767,1.94478,1.008546,0.4693876,INPUT
16.34241,0.339429,0.9561566,-0.2825032,1.94478,1.008546,0.4693876,INPUT
16.35577,0.3399606,0.955932,-0.2888964,1.94478,1.008546,0.4693876,INPUT
16.36946,0.3403002,0.9558309,-0.2945221,1.94478,1.008546,0.4693876,INPUT
16.39088,0.3407222,0.9566781,-0.3007461,1.94478,1.008546,0.4693876,INPUT
16.40556,0.3410507,0.9574456,-0.3065875,1.94478,1.008546,0.4693876,INPUT
16.42121,0.3413804,0.9584083,-0.3106737,1.94478,1.008546,0.4693876,INPUT
16.43526,0.341962,0.9589098,-0.3143531,1.94478,1.008546,0.4693876,INPUT
16.45325,0.3427393,0.9587203,-0.3188975,1.94478,1.008546,0.4693876,INPUT
16.4678,0.3434746,0.9587436,-0.3224306,1.94478,1.008546,0.4693876,INPUT
16.48026,0.3445066,0.9583076,-0.3249088,1.94478,1.008546,0.4693876,INPUT
16.49751,0.3438289,0.958664,-0.326233,1.94478,1.008546,0.4693876,INPUT
16.5114,0.344793,0.9590275,-0.3283337,1.94478,1.008546,0.4693876,INPUT
16.52584,0.3454833,0.9594457,-0.3303659,1.94478,1.008546,0.4693876,INPUT
16.54196,0.3459677,0.9600006,-0.3326914,1.94478,1.008546,0.4693876,INPUT
16.55484,0.3459857,0.9604009,-0.3348809,1.94478,1.008546,0.4693876,INPUT
16.57545,0.3466226,0.9606559,-0.3385216,1.94478,1.008546,0.4693876,INPUT
16.60209,0.3452258,0.9604802,-0.3434018,1.94478,1.008546,0.4693876,INPUT
16.62144,0.343729,0.9605857,-0.3482027,1.94478,1.008546,0.4693876,INPUT
16.64319,0.3419947,0.9613785,-0.3527062,1.94478,1.008546,0.4693876,INPUT
16.66504,0.3404976,0.9624432,-0.3570111,1.94478,1.008546,0.4693876,INPUT
16.68809,0.3390464,0.9630693,-0.3614083,1.94478,1.008546,0.4693876,INPUT
16.70984,0.3382123,0.9632939,-0.3652829,1.94478,1.008546,0.4693876,INPUT
16.7319,0.3377524,0.9629105,-0.3683733,1.94478,1.008546,0.4693876,INPUT
16.75444,0.3372662,0.9624383,-0.3713452,1.94478,1.008546,0.4693876,INPUT
16.77664,0.3373527,0.9626915,-0.3730113,1.94478,1.008546,0.4693876,INPUT
16.80161,0.3377686,0.9637595,-0.3740946,1.94478,1.008546,0.4693876,INPUT
16.82014,0.3380306,0.9645678,-0.3747699,1.94478,1.008546,0.4693876,INPUT
16.84223,0.337194,0.9633629,-0.3762913,1.94478,1.008546,0.4693876,INPUT
16.86416,0.3362581,0.9620965,-0.3781312,4.338418,1.159865,-2.485641,INPUT
16.88743,0.335464,0.9628515,-0.3789694,4.30414,1.084894,-2.545012,INPUT
16.90892,0.3351334,0.9649444,-0.378606,4.275616,1.103149,-2.594418,INPUT
16.93115,0.3355166,0.9669691,-0.3781102,4.276496,1.181848,-2.592894,INPUT
16.95328,0.3357588,0.9669398,-0.3782502,4.290813,1.239986,-2.568096,INPUT
16.97655,0.3362581,0.9666311,-0.3782805,4.292995,1.231853,-2.564315,INPUT
16.99853,0.336963,0.9669449,-0.3778318,4.294319,1.202093,-2.562022,INPUT
17.0286,0.3376338,0.9674556,-0.3774111,4.30406,1.213595,-2.545151,INPUT
17.05498,0.3379927,0.9657159,-0.37835,4.316,1.249089,-2.524469,INPUT
17.06937,0.3381956,0.963516,-0.379374,4.309585,1.207876,-2.535581,INPUT
17.08665,0.338608,0.9620314,-0.3799502,4.305339,1.146275,-2.542936,INPUT
17.1002,0.338836,0.9612843,-0.3803016,4.306077,1.096178,-2.541657,INPUT
17.11425,0.3388416,0.9611115,-0.3806952,4.304806,1.067018,-2.54386,INPUT
17.13426,0.3383775,0.9617922,-0.381184,4.30072,1.057722,-2.550936,INPUT
17.14765,0.3353307,0.9631354,-0.3803401,4.290092,1.090181,-2.569345,INPUT
17.16778,0.3340868,0.9635585,-0.3808516,4.284123,1.112284,-2.579682,INPUT
17.18115,0.3334931,0.9629702,-0.3814222,4.265985,1.109603,-2.611099,INPUT
17.20073,0.3326858,0.9618242,-0.3824022,4.254045,1.082918,-2.63178,INPUT
17.21862,0.3324671,0.9616365,-0.3828409,4.234536,1.041079,-2.665571,INPUT
17.23498,0.332059,0.9625505,-0.3830408,4.224986,1.035738,-2.682112,INPUT
17.25658,0.3319575,0.9639965,-0.383062,4.216601,1.063693,-2.696635,INPUT
17.27043,0.3319246,0.9645077,-0.3832359,4.217363,1.103019,-2.695315,INPUT
17.28921,0.3316744,0.9637969,-0.3840556,4.223007,1.115456,-2.685539,INPUT
17.30245,0.3314575,0.9627146,-0.3850231,4.221398,1.079589,-2.688327,INPUT
17.32665,0.3310279,0.962207,-0.3861391,4.217664,1.041289,-2.694793,INPUT
17.34744,0.3307512,0.96284,-0.3868335,4.214262,1.018488,-2.700686,INPUT
17.36894,0.3310149,0.9636951,-0.386896,4.211749,1.041561,-2.705039,INPUT
17.39251,0.3311064,0.9634187,-0.3871216,4.220628,1.074181,-2.68966,INPUT
17.41162,0.3310138,0.9623798,-0.3876403,4.225897,1.060541,-2.680534,INPUT
17.42982,0.3309482,0.9620004,-0.3877127,4.223484,1.02275,-2.684713,INPUT
17.44614,0.3311838,0.9623538,-0.3872254,4.224206,1.015163,-2.683462,INPUT
17.46689,0.3315652,0.9630051,-0.3864705,4.231312,1.032355,-2.671154,INPUT
17.48093,0.3317316,0.9631602,-0.3861712,4.242215,1.053884,-2.65227,INPUT
17.4976,0.3317549,0.9625332,-0.3860307,4.246447,1.058998,-2.644941,INPUT
17.52006,0.3318727,0.9619723,-0.3858162,4.245198,1.039804,-2.647104,INPUT
17.54229,0.3320083,0.9618106,-0.385425,4.246927,1.020924,-2.644109,INPUT
17.56448,0.3323611,0.9623734,-0.3847377,4.252629,1.024833,-2.634232,INPUT
17.58641,0.332661,0.9625596,-0.3842828,4.26121,1.043522,-2.61937,INPUT
17.60863,0.3327985,0.9617638,-0.3842702,4.267467,1.049049,-2.60853,INPUT
17.63183,0.3327844,0.960942,-0.38445,4.26589,1.02252,-2.611264,INPUT
17.65651,0.3328854,0.9609204,-0.384382,4.26104,1.000042,-2.619663,INPUT
17.67668,0.3333173,0.961586,-0.3838714,4.259859,1.007933,-2.62171,INPUT
17.69773,0.3336346,0.961558,-0.383477,4.265845,1.032037,-2.611341,INPUT
17.71985,0.3340048,0.9604047,-0.383525,4.277223,1.034689,-2.591633,INPUT
17.74148,0.3340153,0.9595306,-0.3837631,4.2828,0.9987657,-2.581975,INPUT
17.76463,0.3336966,0.9600905,-0.3835039,4.280045,0.9735665,-2.586747,INPUT
17.78683,0.3337531,0.9619387,-0.3827833,4.275663,1.005791,-2.594336,INPUT
17.80975,0.3340076,0.9619175,-0.382247,4.284291,1.070781,-2.579392,INPUT
17.80975,0.3340076,0.9619175,-0.382247,4.284291,1.070781,-2.579392,TRIGGER
17.83477,0.3335955,0.9601908,-0.3827852,4.29669,1.075629,-2.557916,INPUT
17.86203,0.3326026,0.9598387,-0.383089,4.285936,1.018388,-2.576542,INPUT
17.88107,0.3320759,0.9621169,-0.3824603,4.268459,1.012498,-2.606813,INPUT
17.90271,0.3325796,0.9631657,-0.3820871,4.272214,1.086284,-2.600309,INPUT
17.92914,0.3326244,0.9617872,-0.3826222,4.28642,1.110484,-2.575705,INPUT
17.94653,0.3322409,0.9609661,-0.3830709,4.293231,1.049258,-2.563907,INPUT
17.96831,0.3316026,0.960989,-0.3835403,4.287737,1.022071,-2.573425,INPUT
17.99179,0.3312134,0.9620825,-0.3836312,4.278723,1.020414,-2.589036,INPUT
18.01432,0.3316579,0.9619724,-0.383924,4.275023,1.041207,-2.595445,INPUT
18.03571,0.331747,0.9595032,-0.3823295,4.289714,1.029733,-2.569999,INPUT
18.06046,0.3340065,0.9576647,-0.3834343,4.299178,0.9921047,-2.553607,INPUT
18.07866,0.3339255,0.957817,-0.383687,4.28963,0.9335055,-2.570145,INPUT
18.09293,0.3339787,0.9582382,-0.3836391,4.282822,0.9502661,-2.581938,INPUT
18.11257,0.3343611,0.958769,-0.3833973,4.279964,0.9691802,-2.586887,INPUT
18.12564,0.3346072,0.9586272,-0.3834322,4.283014,0.9897359,-2.581604,INPUT
18.14523,0.3346407,0.9576317,-0.3837689,4.285854,0.9865885,-2.576685,INPUT
18.16074,0.3341288,0.9574943,-0.3836847,4.283706,0.9608422,-2.580405,INPUT
18.17967,0.3341508,0.9578544,-0.3835815,4.281848,0.953775,-2.583621,INPUT
18.20076,0.3342862,0.9585583,-0.3834579,4.281521,0.9678781,-2.584188,INPUT
18.21407,0.3344161,0.9587316,-0.3834156,4.2837,0.9913901,-2.580415,INPUT
18.23053,0.3346636,0.9584402,-0.3834476,4.286062,0.9998399,-2.576323,INPUT
18.24394,0.3348014,0.9580996,-0.3835502,4.288344,0.9902709,-2.572372,INPUT
18.26303,0.334942,0.9573779,-0.3837564,4.288723,0.9791911,-2.571716,INPUT
18.27665,0.3350715,0.9570745,-0.3838975,4.285782,0.9531454,-2.576809,INPUT
18.28999,0.3350739,0.9570901,-0.3840589,4.282785,0.9436927,-2.582001,INPUT
18.30324,0.3351361,0.9574242,-0.3840505,4.280535,0.9503895,-2.585896,INPUT
18.32019,0.3352911,0.9575805,-0.3841625,4.277502,0.9617,-2.591151,INPUT
18.33342,0.3356167,0.9576894,-0.3841,4.276654,0.9700878,-2.592619,INPUT
18.34736,0.3360246,0.9575307,-0.3840883,4.280241,0.9755731,-2.586407,INPUT
18.36558,0.3345667,0.9572826,-0.3835014,4.284786,0.9688357,-2.578534,INPUT
18.37916,0.334668,0.9569772,-0.3835411,4.28674,0.9496347,-2.57515,INPUT
18.39417,0.3346564,0.9569672,-0.383531,4.28616,0.9421259,-2.576154,INPUT
18.41074,0.3342129,0.9573777,-0.3834982,4.284455,0.9449075,-2.579108,INPUT
18.43397,0.3342258,0.9574938,-0.3834131,4.277941,0.9595321,-2.590391,INPUT
18.45382,0.3343323,0.9574912,-0.3833546,4.275286,0.9632128,-2.59499,INPUT
18.47952,0.3343148,0.957109,-0.3834881,4.278613,0.9630679,-2.589226,INPUT
18.4979,0.3344694,0.957248,-0.3833486,4.277,0.9516311,-2.592021,INPUT
18.52015,0.3344406,0.9576984,-0.3830362,4.279223,0.9576461,-2.58817,INPUT
18.54173,0.3345309,0.9578865,-0.3828509,4.283357,0.9780572,-2.58101,INPUT
18.56418,0.3344008,0.9575146,-0.3829786,4.28474,0.9843635,-2.578614,INPUT
18.58687,0.33443,0.9570692,-0.3829049,4.278546,0.9645066,-2.589343,INPUT
18.60831,0.3345052,0.9573179,-0.3825366,4.275,0.9488533,-2.595486,INPUT
18.63058,0.3348359,0.957646,-0.3821545,4.275813,0.9579764,-2.594076,INPUT
18.63058,0.3348359,0.957646,-0.3821545,4.275813,0.9579764,-2.594076,TRIGGER
18.65322,0.3348573,0.9581568,-0.3817379,4.280752,0.9712787,-2.585522,INPUT
18.67807,0.3348281,0.9578369,-0.3816413,4.285275,0.9891562,-2.577687,INPUT
18.70521,0.3349914,0.9575738,-0.3814608,4.281161,0.9660278,-2.584814,INPUT
18.72297,0.3351044,0.9581349,-0.3811233,4.281791,0.9576216,-2.583722,INPUT
18.74523,0.3352967,0.9594133,-0.3803621,4.286487,0.974778,-2.575589,INPUT
18.76728,0.3351147,0.9594254,-0.3800914,4.295299,1.025699,-2.560325,INPUT
18.78943,0.334993,0.9584458,-0.3802241,4.294445,1.028753,-2.561805,INPUT
18.80804,0.3348149,0.9581563,-0.3802373,4.286619,0.9903572,-2.575358,INPUT
18.8309,0.3341882,0.9589417,-0.3798109,4.28408,0.984002,-2.579758,INPUT
18.85327,0.3341289,0.9596348,-0.3796154,4.286937,1.01999,-2.574809,INPUT
18.8752,0.3343682,0.960036,-0.3794881,4.294351,1.053893,-2.561969,INPUT
18.89813,0.33435,0.959779,-0.3797585,4.30241,1.057528,-2.548009,INPUT
18.91667,0.3345859,0.9592929,-0.3799199,4.302576,1.037296,-2.547721,INPUT
18.93222,0.3344536,0.9592217,-0.3800771,4.301075,1.017536,-2.550322,INPUT
18.94624,0.3344232,0.9594252,-0.3800487,4.301553,1.022758,-2.549494,INPUT
18.96688,0.3344914,0.9600599,-0.3798647,4.304396,1.039306,-2.544569,INPUT
18.98354,0.3353271,0.9601337,-0.3797124,4.309581,1.064084,-2.535588,INPUT
19.00101,0.3355893,0.9599359,-0.3797705,4.316253,1.059676,-2.524032,INPUT
19.01712,0.335535,0.9589139,-0.3797359,4.320041,1.045503,-2.517471,INPUT
19.03733,0.3357659,0.9585088,-0.3797215,4.321365,1.020782,-2.515178,INPUT
19.05869,0.3360489,0.9586951,-0.3793059,4.326844,1.010519,-2.505688,INPUT
19.07632,0.3362615,0.95901,-0.3790072,4.331045,1.029011,-2.498411,INPUT
19.09122,0.3362499,0.9591402,-0.3788449,4.332667,1.041861,-2.495601,INPUT
19.10916,0.3362981,0.9587072,-0.3789768,4.332719,1.042447,-2.495512,INPUT
19.13026,0.3361984,0.9581339,-0.3792678,4.329206,1.026821,-2.501595,INPUT
19.14845,0.3361911,0.9580665,-0.3794686,4.321733,1.006731,-2.514539,INPUT
19.1745,0.3361237,0.9584533,-0.3796228,4.314113,1.003704,-2.527738,INPUT
19.19089,0.3362443,0.9583574,-0.3797066,4.2991,1.013205,-2.553741,INPUT
19.20991,0.3364672,0.9581577,-0.3798659,4.290327,1.009256,-2.568938,INPUT
19.22496,0.336438,0.9577857,-0.3799978,4.283371,1.001724,-2.580984,INPUT
19.24174,0.3369098,0.9573329,-0.3800602,4.282748,0.9888941,-2.582064,INPUT
19.25527,0.337382,0.9570985,-0.3799645,4.287821,0.979412,-2.573277,INPUT
19.2687,0.3377687,0.9569992,-0.3799037,4.294357,0.9784052,-2.561956,INPUT
19.28628,0.3380936,0.9569173,-0.3798786,4.298311,0.9797245,-2.555108,INPUT
19.29976,0.3382258,0.9567456,-0.3799452,4.299543,0.980572,-2.552973,INPUT
19.31339,0.338116,0.9566255,-0.3801053,4.297305,0.9774137,-2.556851,INPUT
19.33368,0.3376762,0.9565809,-0.3801571,4.28952,0.9709561,-2.570335,INPUT
19.35422,0.337891,0.9563822,-0.3800582,4.28308,0.9621534,-2.581491,INPUT
19.37693,0.3383256,0.9565227,-0.3798501,4.281327,0.9614568,-2.584526,INPUT
19.39824,0.3389473,0.9565163,-0.37952,4.281995,0.9722487,-2.58337,INPUT
19.41979,0.3392477,0.9558788,-0.3794066,4.279712,0.9723336,-2.587324,INPUT
19.44165,0.3394479,0.9547647,-0.3795045,4.271525,0.9507962,-2.601502,INPUT
19.44165,0.3394479,0.9547647,-0.3795045,4.271525,0.9507962,-2.601502,TRIGGER
19.46914,0.3401853,0.9545107,-0.3790565,4.262721,0.9193894,-2.616753,INPUT
19.4906,0.3409603,0.9546333,-0.3784904,4.267449,0.9208754,-2.608562,INPUT
19.51368,0.3414824,0.9547159,-0.3780686,4.276272,0.9291425,-2.593281,INPUT
19.54235,0.3416265,0.9546684,-0.3780177,4.2838,0.9357377,-2.580241,INPUT
19.55798,0.3413399,0.9545767,-0.3781491,4.283086,0.9377456,-2.581479,INPUT
19.57812,0.3406359,0.9548603,-0.3785419,4.275698,0.9346583,-2.594277,INPUT
19.60115,0.3404989,0.9554676,-0.3783478,4.268348,0.9443976,-2.607008,INPUT
19.62227,0.3407767,0.9558415,-0.3779095,4.267011,0.9660924,-2.609324,INPUT
19.6454,0.3417439,0.9558722,-0.3776034,4.272706,0.974459,-2.599457,INPUT
19.66433,0.3422188,0.9557275,-0.3773142,4.285872,0.9768649,-2.576653,INPUT
19.68685,0.3427794,0.955641,-0.3767007,4.295789,0.9749091,-2.559476,INPUT
19.70894,0.3429997,0.9556611,-0.376296,4.302588,0.9757576,-2.5477,INPUT
19.73061,0.3431339,0.9560209,-0.3758243,4.305622,0.9807742,-2.542446,INPUT
19.76039,0.3435504,0.9563164,-0.3753157,4.315485,1.001478,-2.525363,INPUT
19.77846,0.3435146,0.9557298,-0.375698,4.324839,1.017624,-2.50916,INPUT
19.80074,0.3435482,0.955972,-0.3756582,4.321461,0.9925263,-2.51501,INPUT
19.82238,0.3436441,0.9564727,-0.3754735,4.322191,0.994456,-2.513747,INPUT
19.83639,0.3437422,0.9566074,-0.375654,4.324204,1.013103,-2.510259,INPUT
19.85605,0.3440029,0.9566832,-0.375712,4.327538,1.020484,-2.504486,INPUT
19.87,0.3441304,0.9564381,-0.3758483,4.332674,1.026939,-2.495589,INPUT
19.88604,0.3441451,0.9561722,-0.3761002,4.332711,1.018984,-2.495526,INPUT
19.8995,0.3441136,0.9560674,-0.3762047,4.330336,1.012586,-2.499639,INPUT
19.913,0.3440958,0.9561684,-0.3762621,4.326544,1.00884,-2.506207,INPUT
19.93125,0.3440961,0.9562605,-0.3763166,4.322525,1.0101,-2.513168,INPUT
19.95028,0.3419481,0.9570251,-0.3753406,4.318691,1.015476,-2.519809,INPUT
19.96467,0.3417534,0.9571921,-0.3751914,4.318048,1.033949,-2.520922,INPUT
19.9801,0.341513,0.9573501,-0.3748445,4.316237,1.046856,-2.524058,INPUT
20.00164,0.3408181,0.9582176,-0.3739688,4.316237,1.046856,-2.524058,INPUT
20.0269,0.340153,0.9596072,-0.3719028,4.316237,1.046856,-2.524058,INPUT
20.04966,0.3397524,0.9618883,-0.3687749,4.316237,1.046856,-2.524058,INPUT
20.06558,0.3395264,0.9654813,-0.364714,4.316237,1.046856,-2.524058,INPUT
20.07988,0.3392768,0.9705043,-0.3591147,4.316237,1.046856,-2.524058,INPUT
20.10075,0.3378845,0.9772497,-0.3506859,4.316237,1.046856,-2.524058,INPUT
20.11396,0.3368556,0.9819182,-0.3442779,4.316237,1.046856,-2.524058,INPUT
20.13046,0.3353823,0.9868569,-0.3363163,4.316237,1.046856,-2.524058,INPUT
20.14306,0.3335158,0.9900872,-0.3306221,4.316237,1.046856,-2.524058,INPUT
20.16077,0.3313539,0.9936323,-0.3230167,4.316237,1.046856,-2.524058,INPUT
20.177,0.3283382,0.9986337,-0.3122997,4.316237,1.046856,-2.524058,INPUT
20.19061,0.3248168,1.003353,-0.3019585,4.316237,1.046856,-2.524058,INPUT
20.20898,0.3196611,1.012211,-0.285516,4.316237,1.046856,-2.524058,INPUT
20.23116,0.3117235,1.022583,-0.2622916,4.316237,1.046856,-2.524058,INPUT
20.25436,0.3017946,1.032457,-0.2350244,4.316237,1.046856,-2.524058,INPUT
20.27637,0.288869,1.04024,-0.2030882,4.316237,1.046856,-2.524058,INPUT
20.3003,0.2707438,1.04536,-0.1714784,4.316237,1.046856,-2.524058,INPUT
20.32111,0.2514434,1.046653,-0.1423292,4.316237,1.046856,-2.524058,INPUT
20.34373,0.2285049,1.043721,-0.1102036,4.316237,1.046856,-2.524058,INPUT
20.36849,0.202664,1.036394,-0.07866327,4.316237,1.046856,-2.524058,INPUT
20.39604,0.1738014,1.024066,-0.04864476,4.316237,1.046856,-2.524058,INPUT
20.4137,0.1383004,1.002935,-0.01773102,4.316237,1.046856,-2.524058,INPUT
20.43148,0.1173802,0.9854541,0.001607325,4.316237,1.046856,-2.524058,INPUT
20.45424,0.09303701,0.9580704,0.02516368,4.316237,1.046856,-2.524058,INPUT
20.47504,0.07215631,0.9295775,0.04271281,4.316237,1.046856,-2.524058,INPUT
20.49796,0.05381485,0.9010332,0.05615287,4.316237,1.046856,-2.524058,INPUT
20.52021,0.0401782,0.8769705,0.06686906,4.316237,1.046856,-2.524058,INPUT
20.54188,0.03211303,0.857057,0.07614164,4.316237,1.046856,-2.524058,INPUT
20.56557,0.02801766,0.8397078,0.08441395,4.316237,1.046856,-2.524058,INPUT
20.58808,0.02604423,0.8270473,0.09067476,4.316237,1.046856,-2.524058,INPUT
20.61304,0.0257635,0.8183389,0.09470391,4.316237,1.046856,-2.524058,INPUT
20.63155,0.02643187,0.8111697,0.09728263,4.316237,1.046856,-2.524058,INPUT
20.65401,0.02871892,0.808601,0.09858379,4.316237,1.046856,-2.524058,INPUT
20.67505,0.03311054,0.8065259,0.1014614,4.316237,1.046856,-2.524058,INPUT
20.69705,0.03886275,0.806384,0.1052548,4.316237,1.046856,-2.524058,INPUT
20.71993,0.04551867,0.8080398,0.1081573,4.316237,1.046856,-2.524058,INPUT
20.74166,0.05088213,0.8105716,0.1105245,4.316237,1.046856,-2.524058,INPUT
20.75546,0.0540706,0.8116537,0.1112736,4.316237,1.046856,-2.524058,INPUT
20.76832,0.05639187,0.8133398,0.1117186,4.316237,1.046856,-2.524058,INPUT
20.78607,0.05940455,0.8146188,0.1118138,4.316237,1.046856,-2.524058,INPUT
20.7999,0.06255665,0.8141568,0.1125472,4.316237,1.046856,-2.524058,INPUT
20.81834,0.06543913,0.8117395,0.1142763,4.316237,1.046856,-2.524058,INPUT
20.83226,0.06902616,0.809375,0.1165801,4.316237,1.046856,-2.524058,INPUT
20.8455,0.07155729,0.8072993,0.1190829,4.316237,1.046856,-2.524058,INPUT
20.8586,0.07426547,0.8058204,0.1210984,4.316237,1.046856,-2.524058,INPUT
20.87541,0.07674072,0.8042195,0.1227848,4.316237,1.046856,-2.524058,INPUT
20.88992,0.07851551,0.8029689,0.124038,4.316237,1.046856,-2.524058,INPUT
20.90294,0.07982285,0.8023691,0.1248456,4.316237,1.046856,-2.524058,INPUT
20.92058,0.08190756,0.8016286,0.1260321,4.316237,1.046856,-2.524058,INPUT
20.93485,0.08296434,0.8011086,0.1268522,4.316237,1.046856,-2.524058,INPUT
20.95333,0.08444457,0.8013103,0.1274557,4.316237,1.046856,-2.524058,INPUT
20.96722,0.08563759,0.8014799,0.1278796,4.316237,1.046856,-2.524058,INPUT
20.98536,0.08714657,0.8016934,0.1283927,4.316237,1.046856,-2.524058,INPUT
20.99903,0.08856386,0.8021608,0.1287053,4.316237,1.046856,-2.524058,INPUT
21.01208,0.09007399,0.8024884,0.1290877,4.316237,1.046856,-2.524058,INPUT
21.03424,0.09210716,0.8032814,0.1293493,4.316237,1.046856,-2.524058,INPUT
21.0506,0.0945958,0.8042365,0.1293485,4.316237,1.046856,-2.524058,INPUT
21.0646,0.09604297,0.8050398,0.1291614,4.316237,1.046856,-2.524058,INPUT
21.0781,0.09736161,0.8061153,0.1288277,4.316237,1.046856,-2.524058,INPUT
21.09263,0.09851411,0.8075146,0.1284605,4.316237,1.046856,-2.524058,INPUT
21.1087,0.09948538,0.808862,0.1278746,4.316237,1.046856,-2.524058,INPUT
21.12184,0.1001822,0.8097569,0.1275242,4.316237,1.046856,-2.524058,INPUT
21.14255,0.1013209,0.8106612,0.1274515,4.316237,1.046856,-2.524058,INPUT
21.16738,0.1029553,0.8115956,0.1277091,4.316237,1.046856,-2.524058,INPUT
21.19033,0.104863,0.8120866,0.1282437,4.316237,1.046856,-2.524058,INPUT
21.21212,0.1062573,0.8120021,0.1292169,4.316237,1.046856,-2.524058,INPUT
21.23817,0.1075559,0.8117437,0.1302134,4.316237,1.046856,-2.524058,INPUT
21.25591,0.1090253,0.8115071,0.1311167,4.316237,1.046856,-2.524058,INPUT
21.27642,0.1100265,0.811588,0.131556,4.316237,1.046856,-2.524058,INPUT
21.30332,0.1111414,0.8118048,0.1320891,4.316237,1.046856,-2.524058,INPUT
21.32158,0.1122772,0.8119477,0.1328468,4.316237,1.046856,-2.524058,INPUT
21.34396,0.1131747,0.812194,0.1333378,4.316237,1.046856,-2.524058,INPUT
21.37153,0.1144211,0.812021,0.1342037,4.316237,1.046856,-2.524058,INPUT
21.38852,0.1156882,0.8114585,0.1354139,4.316237,1.046856,-2.524058,INPUT
