8.718688,-0.4719519,1.075782,-1.773731,-0.4719519,1.075782,-1.773731,INPUT
8.750161,-0.4665526,1.078146,-1.773246,-0.4665526,1.078146,-1.773246,INPUT
8.794025,-0.4646873,1.079077,-1.773492,-0.4646873,1.079077,-1.773492,INPUT
8.845459,-0.4658381,1.08052,-1.776553,-0.4658381,1.08052,-1.776553,INPUT
8.879053,-0.4719543,1.081178,-1.782572,-0.4719543,1.081178,-1.782572,INPUT
8.90721,-0.4726375,1.080535,-1.780133,-0.4726375,1.080535,-1.780133,INPUT
8.946648,-0.4733062,1.081129,-1.782546,-0.4733062,1.081129,-1.782546,INPUT
8.972429,-0.4716074,1.082276,-1.782793,-0.4716074,1.082276,-1.782793,INPUT
9.121845,-0.4723876,1.082424,-1.782186,-0.4723876,1.082424,-1.782186,INPUT
9.151656,-0.46948,1.08324,-1.78082,-0.46948,1.08324,-1.78082,INPUT
9.179777,-0.467404,1.082921,-1.778185,-0.467404,1.082921,-1.778185,INPUT
9.217543,-0.467171,1.082204,-1.776754,-0.467171,1.082204,-1.776754,INPUT
9.25302,-0.4685043,1.081483,-1.778195,-0.4685043,1.081483,-1.778195,INPUT
9.305429,-0.4697131,1.080796,-1.778309,-0.4697131,1.080796,-1.778309,INPUT
9.339457,-0.4652829,1.081268,-1.774323,-0.4652829,1.081268,-1.774323,INPUT
9.339457,-0.4652829,1.081268,-1.774323,-0.4652829,1.081268,-1.774323,TRIGGER
9.374502,-0.4621232,1.083727,-1.777751,-0.4621232,1.083727,-1.777751,INPUT
9.425883,-0.4656864,1.082237,-1.779755,-0.4656864,1.082237,-1.779755,INPUT
9.478464,-0.4612474,1.084234,-1.777615,-0.4612474,1.084234,-1.777615,INPUT
9.5095,-0.4617189,1.084728,-1.778741,-0.4617189,1.084728,-1.778741,INPUT
9.538,-0.4640123,1.084305,-1.778008,-0.4640123,1.084305,-1.778008,INPUT
9.562896,-0.4631794,1.083518,-1.776451,-0.4631794,1.083518,-1.776451,INPUT
9.594208,-0.4621717,1.083729,-1.774947,-0.4621717,1.083729,-1.774947,INPUT
9.641009,-0.4618902,1.083024,-1.775054,-0.4618902,1.083024,-1.775054,INPUT
9.675749,-0.4629333,1.081641,-1.774863,-0.4629333,1.081641,-1.774863,INPUT
9.700658,-0.4642172,1.081509,-1.776159,-0.4642172,1.081509,-1.776159,INPUT
9.726303,-0.4643249,1.081248,-1.775469,-0.4643249,1.081248,-1.775469,INPUT
9.760387,-0.4638983,1.081581,-1.775536,-0.4638983,1.081581,-1.775536,INPUT
9.814812,-0.4639742,1.081549,-1.775444,-0.4639742,1.081549,-1.775444,INPUT
9.846675,-0.4652811,1.081076,-1.775721,-0.4652811,1.081076,-1.775721,INPUT
9.902745,-0.4652431,1.081239,-1.775429,-0.4652431,1.081239,-1.775429,INPUT
9.933604,-0.4652103,1.080877,-1.775021,-0.4652103,1.080877,-1.775021,INPUT
9.974446,-0.4660497,1.080243,-1.77489,-0.4660497,1.080243,-1.77489,INPUT
10.00218,-0.4666404,1.079735,-1.774574,-0.4666404,1.079735,-1.774574,INPUT
10.02676,-0.4661825,1.07965,-1.774182,-0.4661825,1.07965,-1.774182,INPUT
10.05769,-0.4654109,1.079872,-1.774319,-0.4654109,1.079872,-1.774319,INPUT
10.09567,-0.4673215,1.078977,-1.775945,-0.4673215,1.078977,-1.775945,INPUT
10.14037,-0.4665876,1.079375,-1.775975,-0.4665876,1.079375,-1.775975,INPUT
10.14037,-0.4665876,1.079375,-1.775975,-0.4665876,1.079375,-1.775975,TRIGGER
10.16919,-0.4617998,1.081242,-1.776825,-0.4617998,1.081242,-1.776825,INPUT
10.19097,-0.4625202,1.07855,-1.772838,-0.4625202,1.07855,-1.772838,INPUT
10.21488,-0.4633865,1.077525,-1.772085,-0.4633865,1.077525,-1.772085,INPUT
10.23945,-0.4630567,1.077812,-1.771513,-0.4630567,1.077812,-1.771513,INPUT
10.26392,-0.461811,1.078132,-1.770426,-0.461811,1.078132,-1.770426,INPUT
10.30878,-0.4605292,1.078235,-1.769034,-0.4605292,1.078235,-1.769034,INPUT
10.33973,-0.4563825,1.078674,-1.764596,-0.4563825,1.078674,-1.764596,INPUT
10.37185,-0.4582685,1.077855,-1.765288,-0.4582685,1.077855,-1.765288,INPUT
10.39928,-0.4601718,1.077373,-1.766502,-0.4601718,1.077373,-1.766502,INPUT
10.43835,-0.4633322,1.076405,-1.768126,-0.4633322,1.076405,-1.768126,INPUT
10.48254,-0.4639212,1.0763,-1.768447,-0.4639212,1.0763,-1.768447,INPUT
10.52112,-0.4633857,1.077282,-1.769365,-0.4633857,1.077282,-1.769365,INPUT
10.55059,-0.4641029,1.077566,-1.769952,-0.4641029,1.077566,-1.769952,INPUT
10.57742,-0.4642658,1.078008,-1.770332,-0.4642658,1.078008,-1.770332,INPUT
10.61306,-0.4646956,1.078425,-1.770602,-0.4646956,1.078425,-1.770602,INPUT
10.66155,-0.4643199,1.078882,-1.770442,-0.4643199,1.078882,-1.770442,INPUT
10.69577,-0.4653637,1.07878,-1.769995,-0.4653637,1.07878,-1.769995,INPUT
10.76573,-0.4657,1.078365,-1.769502,-0.4657,1.078365,-1.769502,INPUT
10.83323,-0.4646711,1.077671,-1.767416,-0.4646711,1.077671,-1.767416,INPUT
10.86826,-0.4657201,1.077445,-1.769593,-0.4657201,1.077445,-1.769593,INPUT
10.90398,-0.4677168,1.076533,-1.770881,-0.4677168,1.076533,-1.770881,INPUT
10.90398,-0.4677168,1.076533,-1.770881,-0.4677168,1.076533,-1.770881,TRIGGER
10.94194,-0.4619122,1.079761,-1.76975,-0.4619122,1.079761,-1.76975,INPUT
10.98699,-0.4626147,1.081181,-1.772153,-0.4626147,1.081181,-1.772153,INPUT
11.01481,-0.4649571,1.080898,-1.774213,-0.4649571,1.080898,-1.774213,INPUT
11.05816,-0.4611602,1.081597,-1.771426,-0.4611602,1.081597,-1.771426,INPUT
11.08481,-0.4596691,1.082253,-1.77069,-0.4596691,1.082253,-1.77069,INPUT
11.11395,-0.4590605,1.082382,-1.770742,-0.4590605,1.082382,-1.770742,INPUT
11.17358,-0.4605212,1.081946,-1.76827,-0.4605212,1.081946,-1.76827,INPUT
11.20213,-0.4595352,1.082065,-1.767422,-0.4595352,1.082065,-1.767422,INPUT
11.25083,-0.4545015,1.083757,-1.768649,-0.4545015,1.083757,-1.768649,INPUT
11.28267,-0.4499355,1.084153,-1.767107,-0.4499355,1.084153,-1.767107,INPUT
11.3296,-0.4438933,1.085254,-1.766419,-0.4438933,1.085254,-1.766419,INPUT
11.36211,-0.4374676,1.085853,-1.763767,-0.4374676,1.085853,-1.763767,INPUT
11.38652,-0.4290236,1.086313,-1.760305,-0.4290236,1.086313,-1.760305,INPUT
11.414,-0.4217731,1.085707,-1.756867,-0.4217731,1.085707,-1.756867,INPUT
11.45004,-0.415902,1.084715,-1.754036,-0.415902,1.084715,-1.754036,INPUT
11.50587,-0.4100691,1.084102,-1.752019,-0.4100691,1.084102,-1.752019,INPUT
11.53549,-0.4065429,1.083442,-1.751,-0.4065429,1.083442,-1.751,INPUT
11.58556,-0.4004801,1.081816,-1.750376,-0.4004801,1.081816,-1.750376,INPUT
11.61577,-0.3957149,1.080759,-1.748016,-0.3957149,1.080759,-1.748016,INPUT
11.66282,-0.3934051,1.079432,-1.746393,-0.3934051,1.079432,-1.746393,INPUT
11.6917,-0.3914334,1.078889,-1.745226,-0.3914334,1.078889,-1.745226,INPUT
11.71696,-0.3891443,1.079254,-1.74477,-0.3891443,1.079254,-1.74477,INPUT
11.74859,-0.3865657,1.0798,-1.744374,-0.3865657,1.0798,-1.744374,INPUT
11.78941,-0.3851176,1.080279,-1.744402,-0.3851176,1.080279,-1.744402,INPUT
11.83282,-0.386205,1.080401,-1.744839,-0.386205,1.080401,-1.744839,INPUT
11.86207,-0.3854178,1.08104,-1.745108,-0.3854178,1.08104,-1.745108,INPUT
11.88611,-0.3834393,1.081532,-1.744775,-0.3834393,1.081532,-1.744775,INPUT
11.92662,-0.3830118,1.081972,-1.745285,-0.3830118,1.081972,-1.745285,INPUT
11.9548,-0.3829958,1.081939,-1.745227,-0.3829958,1.081939,-1.745227,INPUT
12.01231,-0.3831237,1.082019,-1.745465,-0.3831237,1.082019,-1.745465,INPUT
12.03813,-0.3811601,1.081815,-1.744703,-0.3811601,1.081815,-1.744703,INPUT
12.06241,-0.3798336,1.081562,-1.744271,-0.3798336,1.081562,-1.744271,INPUT
12.08603,-0.3785465,1.081291,-1.743659,-0.3785465,1.081291,-1.743659,INPUT
12.12541,-0.3786451,1.081293,-1.744755,-0.3786451,1.081293,-1.744755,INPUT
12.16823,-0.3807218,1.080896,-1.74515,-0.3807218,1.080896,-1.74515,INPUT
12.20065,-0.3812866,1.080712,-1.744885,-0.3812866,1.080712,-1.744885,INPUT
12.22459,-0.3792301,1.081021,-1.744465,-0.3792301,1.081021,-1.744465,INPUT
12.25692,-0.3790321,1.081165,-1.744888,-0.3790321,1.081165,-1.744888,INPUT
12.2839,-0.3797683,1.081125,-1.745114,-0.3797683,1.081125,-1.745114,INPUT
12.32633,-0.3807836,1.081026,-1.745171,-0.3807836,1.081026,-1.745171,INPUT
12.35303,-0.3810859,1.080897,-1.744987,-0.3810859,1.080897,-1.744987,INPUT
12.37874,-0.3801044,1.080842,-1.744536,-0.3801044,1.080842,-1.744536,INPUT
12.41757,-0.379691,1.080287,-1.743701,-0.379691,1.080287,-1.743701,INPUT
12.44407,-0.3806508,1.079828,-1.743601,-0.3806508,1.079828,-1.743601,INPUT
12.49063,-0.3819263,1.079282,-1.743744,-0.3819263,1.079282,-1.743744,INPUT
12.52404,-0.3821814,1.078732,-1.74378,-0.3821814,1.078732,-1.74378,INPUT
12.55356,-0.382614,1.078329,-1.744051,-0.382614,1.078329,-1.744051,INPUT
12.59706,-0.3865933,1.077314,-1.745662,-0.3865933,1.077314,-1.745662,INPUT
12.59706,-0.3865933,1.077314,-1.745662,-0.3865933,1.077314,-1.745662,TRIGGER
12.70756,-0.3843428,1.077795,-1.748906,-0.3843428,1.077795,-1.748906,INPUT
12.73911,-0.3906011,1.07549,-1.747855,-0.3906011,1.07549,-1.747855,INPUT
12.77541,-0.3842903,1.078562,-1.746864,-0.3842903,1.078562,-1.746864,INPUT
12.81784,-0.3783388,1.07906,-1.745209,-0.3783388,1.07906,-1.745209,INPUT
12.85383,-0.3788626,1.078766,-1.744186,-0.3788626,1.078766,-1.744186,INPUT
12.87748,-0.3829972,1.078211,-1.745353,-0.3829972,1.078211,-1.745353,INPUT
12.90464,-0.3842979,1.077659,-1.745014,-0.3842979,1.077659,-1.745014,INPUT
12.9362,-0.3830037,1.076858,-1.743947,-0.3830037,1.076858,-1.743947,INPUT
12.98645,-0.3812996,1.076652,-1.743362,-0.3812996,1.076652,-1.743362,INPUT
13.01508,-0.3792611,1.076473,-1.742299,-0.3792611,1.076473,-1.742299,INPUT
13.03915,-0.3770435,1.076563,-1.741809,-0.3770435,1.076563,-1.741809,INPUT
13.07503,-0.3767068,1.07633,-1.7414,-0.3767068,1.07633,-1.7414,INPUT
13.10834,-0.3773571,1.076527,-1.741586,-0.3773571,1.076527,-1.741586,INPUT
13.15803,-0.3776912,1.076801,-1.741956,-0.3776912,1.076801,-1.741956,INPUT
13.18896,-0.3771636,1.077031,-1.741816,-0.3771636,1.077031,-1.741816,INPUT
13.21642,-0.3772167,1.077285,-1.741914,-0.3772167,1.077285,-1.741914,INPUT
13.24235,-0.3781968,1.077201,-1.741802,-0.3781968,1.077201,-1.741802,INPUT
13.27644,-0.3777806,1.0777,-1.74224,-0.3777806,1.0777,-1.74224,INPUT
13.31995,-0.3783047,1.077643,-1.743023,-0.3783047,1.077643,-1.743023,INPUT
13.34654,-0.383855,1.076651,-1.744563,-0.383855,1.076651,-1.744563,INPUT
13.37127,-0.38394,1.076892,-1.744455,-0.38394,1.076892,-1.744455,INPUT
13.37127,-0.38394,1.076892,-1.744455,-0.38394,1.076892,-1.744455,TRIGGER
13.40261,-0.3800645,1.079012,-1.748305,-0.3800645,1.079012,-1.748305,INPUT
13.43398,-0.3842955,1.078315,-1.749829,-0.3842955,1.078315,-1.749829,INPUT
13.48713,-0.3902138,1.077255,-1.750063,-0.3902138,1.077255,-1.750063,INPUT
13.5184,-0.3892553,1.077892,-1.749976,-0.3892553,1.077892,-1.749976,INPUT
13.54822,-0.3819063,1.080364,-1.748735,-0.3819063,1.080364,-1.748735,INPUT
13.57347,-0.3793157,1.080721,-1.747721,-0.3793157,1.080721,-1.747721,INPUT
13.59793,-0.3780915,1.08085,-1.747002,-0.3780915,1.08085,-1.747002,INPUT
13.64943,-0.3811119,1.079985,-1.746237,-0.3811119,1.079985,-1.746237,INPUT
13.67492,-0.3809814,1.079738,-1.745682,-0.3809814,1.079738,-1.745682,INPUT
13.70256,-0.3797936,1.079745,-1.74524,-0.3797936,1.079745,-1.74524,INPUT
13.73267,-0.3785032,1.079586,-1.744722,-0.3785032,1.079586,-1.744722,INPUT
13.76265,-0.3770412,1.079242,-1.744287,-0.3770412,1.079242,-1.744287,INPUT
13.81098,-0.3771313,1.078918,-1.744343,-0.3771313,1.078918,-1.744343,INPUT
13.83951,-0.3783165,1.078195,-1.744124,-0.3783165,1.078195,-1.744124,INPUT
13.86359,-0.3784268,1.077973,-1.743924,-0.3784268,1.077973,-1.743924,INPUT
13.901,-0.3771534,1.078547,-1.743966,-0.3771534,1.078547,-1.743966,INPUT
13.92591,-0.3770497,1.078608,-1.744083,-0.3770497,1.078608,-1.744083,INPUT
13.97964,-0.3774927,1.07855,-1.744076,-0.3774927,1.07855,-1.744076,INPUT
14.00085,-0.3782091,1.079002,-1.744158,-0.3782091,1.079002,-1.744158,INPUT
14.03289,-0.378476,1.079458,-1.744246,-0.378476,1.079458,-1.744246,INPUT
14.05428,-0.3786343,1.079643,-1.744233,-0.3786343,1.079643,-1.744233,INPUT
14.07749,-0.3791074,1.07978,-1.744635,-0.3791074,1.07978,-1.744635,INPUT
14.11316,-0.3800203,1.079674,-1.745195,-0.3800203,1.079674,-1.745195,INPUT
14.13894,-0.3809604,1.079935,-1.746401,-0.3809604,1.079935,-1.746401,INPUT
14.13894,-0.3809604,1.079935,-1.746401,-0.3809604,1.079935,-1.746401,TRIGGER
14.17131,-0.3809462,1.080515,-1.747659,-0.3809462,1.080515,-1.747659,INPUT
14.19285,-0.3792156,1.081987,-1.750156,-0.3792156,1.081987,-1.750156,INPUT
14.21358,-0.3780203,1.083091,-1.751097,-0.3780203,1.083091,-1.751097,INPUT
14.23397,-0.3789735,1.083204,-1.751779,-0.3789735,1.083204,-1.751779,INPUT
14.27198,-0.3807714,1.082236,-1.751107,-0.3807714,1.082236,-1.751107,INPUT
14.29733,-0.3816083,1.080946,-1.748143,-0.3816083,1.080946,-1.748143,INPUT
14.32348,-0.3796621,1.080589,-1.746969,-0.3796621,1.080589,-1.746969,INPUT
14.34521,-0.3758139,1.08013,-1.745201,-0.3758139,1.08013,-1.745201,INPUT
14.37049,-0.3741071,1.079952,-1.744129,-0.3741071,1.079952,-1.744129,INPUT
14.3933,-0.3742965,1.079597,-1.743277,-0.3742965,1.079597,-1.743277,INPUT
14.43218,-0.3765658,1.078436,-1.742091,-0.3765658,1.078436,-1.742091,INPUT
14.45733,-0.3756489,1.077881,-1.741344,-0.3756489,1.077881,-1.741344,INPUT
14.51301,-0.3723298,1.078445,-1.741448,-0.3723298,1.078445,-1.741448,INPUT
14.55592,-0.3649669,1.077637,-1.740082,-0.3649669,1.077637,-1.740082,INPUT
14.60974,-0.3551291,1.077298,-1.738195,-0.3551291,1.077298,-1.738195,INPUT
14.63418,-0.346866,1.075722,-1.734442,-0.346866,1.075722,-1.734442,INPUT
14.65708,-0.3435644,1.075317,-1.733406,-0.3435644,1.075317,-1.733406,INPUT
14.67734,-0.3391688,1.07543,-1.733105,-0.3391688,1.07543,-1.733105,INPUT
14.69979,-0.3343711,1.075668,-1.732858,-0.3343711,1.075668,-1.732858,INPUT
14.72457,-0.3291303,1.075745,-1.732227,-0.3291303,1.075745,-1.732227,INPUT
14.76179,-0.323991,1.076242,-1.73238,-0.323991,1.076242,-1.73238,INPUT
14.79119,-0.3150523,1.076066,-1.731442,-0.3150523,1.076066,-1.731442,INPUT
14.81397,-0.3100174,1.076044,-1.731603,-0.3100174,1.076044,-1.731603,INPUT
14.83477,-0.3047947,1.076438,-1.73253,-0.3047947,1.076438,-1.73253,INPUT
14.856,-0.3009017,1.077106,-1.734578,-0.3009017,1.077106,-1.734578,INPUT
14.88131,-0.2996665,1.077581,-1.73616,-0.2996665,1.077581,-1.73616,INPUT
14.92089,-0.2988404,1.078159,-1.73739,-0.2988404,1.078159,-1.73739,INPUT
14.94557,-0.2985121,1.078975,-1.738345,-0.2985121,1.078975,-1.738345,INPUT
14.97061,-0.298639,1.07933,-1.738316,-0.298639,1.07933,-1.738316,INPUT
14.99516,-0.2983013,1.079554,-1.738423,-0.2983013,1.079554,-1.738423,INPUT
15.01483,-0.2979947,1.079818,-1.738555,-0.2979947,1.079818,-1.738555,INPUT
15.036,-0.2965096,1.080221,-1.739009,-0.2965096,1.080221,-1.739009,INPUT
15.06927,-0.2948239,1.080581,-1.739434,-0.2948239,1.080581,-1.739434,INPUT
15.09103,-0.2933109,1.080729,-1.739721,-0.2933109,1.080729,-1.739721,INPUT
15.1287,-0.2904947,1.080914,-1.739898,-0.2904947,1.080914,-1.739898,INPUT
15.14925,-0.289133,1.080915,-1.739774,-0.289133,1.080915,-1.739774,INPUT
15.16832,-0.2878383,1.08087,-1.739881,-0.2878383,1.08087,-1.739881,INPUT
15.18772,-0.286968,1.080782,-1.739864,-0.286968,1.080782,-1.739864,INPUT
15.22972,-0.2867287,1.080652,-1.739771,-0.2867287,1.080652,-1.739771,INPUT
15.25199,-0.2855326,1.080599,-1.739998,-0.2855326,1.080599,-1.739998,INPUT
15.28025,-0.2853801,1.080554,-1.740167,-0.2853801,1.080554,-1.740167,INPUT
15.29844,-0.2857155,1.080631,-1.740214,-0.2857155,1.080631,-1.740214,INPUT
15.32062,-0.2858969,1.080951,-1.740501,-0.2858969,1.080951,-1.740501,INPUT
15.34459,-0.2864812,1.081322,-1.740833,-0.2864812,1.081322,-1.740833,INPUT
15.37788,-0.2878471,1.081348,-1.740749,-0.2878471,1.081348,-1.740749,INPUT
15.39979,-0.2888303,1.081371,-1.740611,-0.2888303,1.081371,-1.740611,INPUT
15.43883,-0.2884137,1.081563,-1.740939,-0.2884137,1.081563,-1.740939,INPUT
15.46013,-0.2885742,1.081469,-1.740863,-0.2885742,1.081469,-1.740863,INPUT
15.48124,-0.2890215,1.081344,-1.740615,-0.2890215,1.081344,-1.740615,INPUT
15.50483,-0.2894134,1.081174,-1.740412,-0.2894134,1.081174,-1.740412,INPUT
15.53999,-0.2890281,1.0811,-1.740473,-0.2890281,1.0811,-1.740473,INPUT
15.56357,-0.2885646,1.080452,-1.740286,-0.2885646,1.080452,-1.740286,INPUT
15.5899,-0.2883937,1.080199,-1.740113,-0.2883937,1.080199,-1.740113,INPUT
15.61238,-0.287543,1.079879,-1.740491,-0.287543,1.079879,-1.740491,INPUT
15.63997,-0.2863034,1.079622,-1.741088,-0.2863034,1.079622,-1.741088,INPUT
15.6639,-0.2858415,1.078942,-1.740676,-0.2858415,1.078942,-1.740676,INPUT
15.71207,-0.2837199,1.07834,-1.740521,-0.2837199,1.07834,-1.740521,INPUT
15.73573,-0.2829444,1.078041,-1.740418,-0.2829444,1.078041,-1.740418,INPUT
15.76922,-0.2843987,1.077261,-1.739411,-0.2843987,1.077261,-1.739411,INPUT
15.79,-0.285183,1.077335,-1.739616,-0.285183,1.077335,-1.739616,INPUT
15.81076,-0.2859815,1.077437,-1.739991,-0.2859815,1.077437,-1.739991,INPUT
15.81076,-0.2859815,1.077437,-1.739991,-0.2859815,1.077437,-1.739991,TRIGGER
15.83432,-0.2875288,1.077707,-1.741019,-0.2875288,1.077707,-1.741019,INPUT
15.8748,-0.2900455,1.077592,-1.743796,-0.2900455,1.077592,-1.743796,INPUT
15.89787,-0.2931302,1.078328,-1.746602,-0.2931302,1.078328,-1.746602,INPUT
15.92375,-0.2929559,1.078129,-1.746879,-0.2929559,1.078129,-1.746879,INPUT
15.94462,-0.2925867,1.077854,-1.746761,-0.2925867,1.077854,-1.746761,INPUT
15.96779,-0.2917075,1.077434,-1.746866,-0.2917075,1.077434,-1.746866,INPUT
15.99281,-0.2911732,1.077034,-1.746807,-0.2911732,1.077034,-1.746807,INPUT
16.02806,-0.2899504,1.076055,-1.745198,-0.2899504,1.076055,-1.745198,INPUT
16.04924,-0.2895552,1.076958,-1.746293,-0.2895552,1.076958,-1.746293,INPUT
16.08201,-0.289643,1.077266,-1.746369,-0.289643,1.077266,-1.746369,INPUT
16.103,-0.2894719,1.077497,-1.746576,-0.2894719,1.077497,-1.746576,INPUT
16.12551,-0.2894301,1.077593,-1.746665,-0.2894301,1.077593,-1.746665,INPUT
16.15339,-0.2890469,1.077619,-1.746697,-0.2890469,1.077619,-1.746697,INPUT
16.21154,-0.2887184,1.077973,-1.746958,-0.2887184,1.077973,-1.746958,INPUT
16.25375,-0.2877068,1.078436,-1.747804,-0.2877068,1.078436,-1.747804,INPUT
16.29346,-0.2885569,1.078384,-1.7471,-0.2885569,1.078384,-1.7471,INPUT
16.32309,-0.2880053,1.078424,-1.747102,-0.2880053,1.078424,-1.747102,INPUT
16.361,-0.2873922,1.078526,-1.747333,-0.2873922,1.078526,-1.747333,INPUT
16.38809,-0.2877255,1.078537,-1.747193,-0.2877255,1.078537,-1.747193,INPUT
16.4254,-0.2871744,1.078458,-1.747167,-0.2871744,1.078458,-1.747167,INPUT
16.45411,-0.286292,1.078459,-1.747415,-0.286292,1.078459,-1.747415,INPUT
16.48146,-0.2865265,1.078461,-1.747332,-0.2865265,1.078461,-1.747332,INPUT
16.51901,-0.2867835,1.078366,-1.747072,-0.2867835,1.078366,-1.747072,INPUT
16.54066,-0.2862475,1.078238,-1.747358,-0.2862475,1.078238,-1.747358,INPUT
16.56798,-0.2855236,1.078042,-1.74723,-0.2855236,1.078042,-1.74723,INPUT
16.58779,-0.2860091,1.077821,-1.746933,-0.2860091,1.077821,-1.746933,INPUT
16.60974,-0.2869787,1.077528,-1.746608,-0.2869787,1.077528,-1.746608,INPUT
16.63436,-0.2881212,1.07719,-1.746179,-0.2881212,1.07719,-1.746179,INPUT
16.66665,-0.2878404,1.07683,-1.745783,-0.2878404,1.07683,-1.745783,INPUT
16.69623,-0.287881,1.076637,-1.745598,-0.287881,1.076637,-1.745598,INPUT
16.69623,-0.287881,1.076637,-1.745598,-0.287881,1.076637,-1.745598,TRIGGER
16.72542,-0.2907492,1.07624,-1.745974,-0.2907492,1.07624,-1.745974,INPUT
16.74695,-0.2917021,1.076354,-1.745774,-0.2917021,1.076354,-1.745774,INPUT
16.76888,-0.2920997,1.076858,-1.746474,-0.2920997,1.076858,-1.746474,INPUT
16.79323,-0.2910503,1.076603,-1.746696,-0.2910503,1.076603,-1.746696,INPUT
16.83114,-0.2900633,1.077189,-1.747143,-0.2900633,1.077189,-1.747143,INPUT
16.85905,-0.2889539,1.077768,-1.746915,-0.2889539,1.077768,-1.746915,INPUT
16.88051,-0.288585,1.078012,-1.746285,-0.288585,1.078012,-1.746285,INPUT
16.90448,-0.2877894,1.078556,-1.74681,-0.2877894,1.078556,-1.74681,INPUT
16.92342,-0.2868553,1.078574,-1.746326,-0.2868553,1.078574,-1.746326,INPUT
16.94212,-0.286715,1.078613,-1.745999,-0.286715,1.078613,-1.745999,INPUT
16.96542,-0.2871497,1.078558,-1.745342,-0.2871497,1.078558,-1.745342,INPUT
17.00032,-0.2867812,1.078852,-1.745432,-0.2867812,1.078852,-1.745432,INPUT
17.02429,-0.2855172,1.079126,-1.745919,-0.2855172,1.079126,-1.745919,INPUT
17.05717,-0.2848349,1.079006,-1.746159,-0.2848349,1.079006,-1.746159,INPUT
17.07899,-0.2857861,1.078653,-1.745759,-0.2857861,1.078653,-1.745759,INPUT
17.1009,-0.2863687,1.078252,-1.745401,-0.2863687,1.078252,-1.745401,INPUT
17.12684,-0.2864214,1.077883,-1.745313,-0.2864214,1.077883,-1.745313,INPUT
17.16214,-0.2866864,1.07764,-1.745465,-0.2866864,1.07764,-1.745465,INPUT
17.1833,-0.2860183,1.077384,-1.745656,-0.2860183,1.077384,-1.745656,INPUT
17.21162,-0.2849956,1.077633,-1.74656,-0.2849956,1.077633,-1.74656,INPUT
17.23303,-0.2846307,1.077884,-1.746845,-0.2846307,1.077884,-1.746845,INPUT
17.25525,-0.2845996,1.077893,-1.746795,-0.2845996,1.077893,-1.746795,INPUT
17.27735,-0.284601,1.077781,-1.746703,-0.284601,1.077781,-1.746703,INPUT
17.31231,-0.2840635,1.077679,-1.746617,-0.2840635,1.077679,-1.746617,INPUT
17.33899,-0.283099,1.07781,-1.74677,-0.283099,1.07781,-1.74677,INPUT
17.36835,-0.2834017,1.077942,-1.746504,-0.2834017,1.077942,-1.746504,INPUT
17.38807,-0.2835089,1.077974,-1.746625,-0.2835089,1.077974,-1.746625,INPUT
17.41015,-0.2831964,1.078111,-1.746723,-0.2831964,1.078111,-1.746723,INPUT
17.43342,-0.284375,1.078031,-1.746589,-0.284375,1.078031,-1.746589,INPUT
17.46782,-0.2864207,1.077803,-1.745852,-0.2864207,1.077803,-1.745852,INPUT
17.46782,-0.2864207,1.077803,-1.745852,-0.2864207,1.077803,-1.745852,TRIGGER
17.49229,-0.2869919,1.077638,-1.745285,-0.2869919,1.077638,-1.745285,INPUT
17.52358,-0.2842703,1.077335,-1.746052,-0.2842703,1.077335,-1.746052,INPUT
17.54891,-0.28629,1.07858,-1.747042,-0.28629,1.07858,-1.747042,INPUT
17.57048,-0.2896915,1.079215,-1.747015,-0.2896915,1.079215,-1.747015,INPUT
17.59183,-0.2929821,1.07994,-1.747615,-0.2929821,1.07994,-1.747615,INPUT
17.62318,-0.2928147,1.080338,-1.748067,-0.2928147,1.080338,-1.748067,INPUT
17.64581,-0.2911417,1.080319,-1.747909,-0.2911417,1.080319,-1.747909,INPUT
17.67911,-0.2870083,1.079017,-1.746258,-0.2870083,1.079017,-1.746258,INPUT
17.74895,-0.2870927,1.078875,-1.74562,-0.2870927,1.078875,-1.74562,INPUT
17.79189,-0.2873656,1.079212,-1.746208,-0.2873656,1.079212,-1.746208,INPUT
17.81515,-0.2866473,1.078993,-1.746142,-0.2866473,1.078993,-1.746142,INPUT
17.83527,-0.2857102,1.078235,-1.74555,-0.2857102,1.078235,-1.74555,INPUT
17.85466,-0.2857616,1.077533,-1.745192,-0.2857616,1.077533,-1.745192,INPUT
17.87882,-0.2870385,1.07652,-1.744748,-0.2870385,1.07652,-1.744748,INPUT
17.9045,-0.2884982,1.075203,-1.744007,-0.2884982,1.075203,-1.744007,INPUT
17.95419,-0.2893939,1.073201,-1.742923,-0.2893939,1.073201,-1.742923,INPUT
18.01352,-0.2891091,1.063178,-1.736764,-0.2891091,1.063178,-1.736764,INPUT
18.04188,-0.2887621,1.054579,-1.732389,-0.2887621,1.054579,-1.732389,INPUT
18.08066,-0.2908128,1.046116,-1.728011,-0.2908128,1.046116,-1.728011,INPUT
18.12548,-0.2923023,1.041841,-1.725807,-0.2923023,1.041841,-1.725807,INPUT
18.1773,-0.2962845,1.033311,-1.722117,-0.2962845,1.033311,-1.722117,INPUT
18.21356,-0.3051469,1.018262,-1.714046,-0.3051469,1.018262,-1.714046,INPUT
18.24308,-0.3092539,1.009275,-1.709968,-0.3092539,1.009275,-1.709968,INPUT
18.29569,-0.3107421,0.9990043,-1.705574,-0.3107421,0.9990043,-1.705574,INPUT
